292;0486;11.62.7600;0486;11.62.7600;CATEGORIA0;;1;1;0;1;;CASCO CAIXA DIREÇÃO;CASCO CAIXA DIREÇÃO;0;;
292;0486;11.62.7700;0486;11.62.7700;CATEGORIA0;;1;1;0;1;;CASCO CAIXA DIREÇÃO;CASCO CAIXA DIREÇÃO;0;;
292;0486;11.62.7800;0486;11.62.7800;CATEGORIA0;;1;1;0;1;;CASCO CAIXA DIREÇÃO;CASCO CAIXA DIREÇÃO;0;;
292;0486;11.62.7802;0486;11.62.7802;CATEGORIA0;;1;1;0;1;;CASCO CAIXA DIREÇÃO;CASCO CAIXA DIREÇÃO;0;;
292;0486;11.62.7803;0486;11.62.7803;CATEGORIA0;;1;1;0;1;;CASCO CAIXA DIREÇÃO;CASCO CAIXA DIREÇÃO;0;;
292;0486;11.62.7805;0486;11.62.7805;CATEGORIA0;;1;1;0;1;;CASCO CAIXA DIREÇÃO;CASCO CAIXA DIREÇÃO;0;;
292;0486;11.62.7806;0486;11.62.7806;CATEGORIA0;;1;1;0;1;;CASCO CAIXA DIREÇÃO;CASCO CAIXA DIREÇÃO;0;;
292;0486;11.62.7810;0486;11.62.7810;CATEGORIA0;;1;1;0;1;;CASCO CAIXA DIREÇÃO;CASCO CAIXA DIREÇÃO;0;;
292;0486;11.62.7811;0486;11.62.7811;CATEGORIA0;;1;1;0;1;;CASCO CAIXA DIREÇÃO;CASCO CAIXA DIREÇÃO;0;;
292;0486;11.62.7830;0486;11.62.7830;CATEGORIA0;;1;1;0;1;;CASCO CAIXA DIREÇÃO;CASCO CAIXA DIREÇÃO;0;;
292;0486;11.62.9000;0486;11.62.9000;CATEGORIA0;;1;1;0;1;;CASCO CAIXA DIREÇÃO;CASCO CAIXA DIREÇÃO;0;;
292;0486;11.64.1100;0486;11.64.1100;CATEGORIA0;;1;1;0;1;;CASCO CAIXA DIREÇÃO;CASCO CAIXA DIREÇÃO;0;;
292;0486;11.64.1200;0486;11.64.1200;CATEGORIA0;;1;1;0;1;;CASCO CAIXA DIREÇÃO;CASCO CAIXA DIREÇÃO;0;;
292;0486;11.64.1300;0486;11.64.1300;CATEGORIA0;;1;1;0;1;;CASCO CAIXA DIREÇÃO;CASCO CAIXA DIREÇÃO;0;;
292;0486;11.64.1400;0486;11.64.1400;CATEGORIA0;;1;1;0;1;;CASCO CAIXA DIREÇÃO;CASCO CAIXA DIREÇÃO;0;;
292;0486;11.64.1402;0486;11.64.1402;CATEGORIA0;;1;1;0;1;;CASCO CAIXA DIREÇÃO;CASCO CAIXA DIREÇÃO;0;;
292;0486;11.64.1410;0486;11.64.1410;CATEGORIA0;;1;1;0;1;;CASCO CAIXA DIREÇÃO;CASCO CAIXA DIREÇÃO;0;;
292;0486;11.64.1415;0486;11.64.1415;CATEGORIA0;;1;1;0;1;;CASCO CAIXA DIREÇÃO;CASCO CAIXA DIREÇÃO;0;;
292;0486;11.64.1450;0486;11.64.1450;CATEGORIA0;;1;1;0;1;;CASCO CAIXA DIREÇÃO;CASCO CAIXA DIREÇÃO;0;;
292;0486;11.64.1460;0486;11.64.1460;CATEGORIA0;;1;1;0;1;;CASCO CAIXA DIREÇÃO;CASCO CAIXA DIREÇÃO;0;;
292;0486;11.64.1550;0486;11.64.1550;CATEGORIA0;;1;1;0;1;;CASCO CAIXA DIREÇÃO;CASCO CAIXA DIREÇÃO;0;;
292;0486;11.64.1560;0486;11.64.1560;CATEGORIA0;;1;1;0;1;;CASCO CAIXA DIREÇÃO;CASCO CAIXA DIREÇÃO;0;;
292;0486;11.64.1570;0486;11.64.1570;CATEGORIA0;;1;1;0;1;;CASCO CAIXA DIREÇÃO;CASCO CAIXA DIREÇÃO;0;;
292;0486;11.64.1580;0486;11.64.1580;CATEGORIA0;;1;1;0;1;;CASCO CAIXA DIREÇÃO;CASCO CAIXA DIREÇÃO;0;;
292;0486;11.64.1585;0486;11.64.1585;CATEGORIA0;;1;1;0;1;;CASCO CAIXA DIREÇÃO;CASCO CAIXA DIREÇÃO;0;;
292;0486;11.64.1587;0486;11.64.1587;CATEGORIA0;;1;1;0;1;;CASCO CAIXA DIREÇÃO;CASCO CAIXA DIREÇÃO;0;;
292;0486;11.64.1590;0486;11.64.1590;CATEGORIA0;;1;1;0;1;;CASCO CAIXA DIREÇÃO;CASCO CAIXA DIREÇÃO;0;;
292;0486;11.64.1675;0486;11.64.1675;CATEGORIA0;;1;1;0;1;;CASCO CAIXA DIREÇÃO;CASCO CAIXA DIREÇÃO;0;;
292;0486;11.64.1680;0486;11.64.1680;CATEGORIA0;;1;1;0;1;;CASCO CAIXA DIREÇÃO;CASCO CAIXA DIREÇÃO;0;;
292;0486;11.64.1682;0486;11.64.1682;CATEGORIA0;;1;1;0;1;;CASCO CAIXA DIREÇÃO;CASCO CAIXA DIREÇÃO;0;;
292;0486;11.64.1780;0486;11.64.1780;CATEGORIA0;;1;1;0;1;;CASCO CAIXA DIREÇÃO;CASCO CAIXA DIREÇÃO;0;;
292;0486;11.64.1790;0486;11.64.1790;CATEGORIA0;;1;1;0;1;;CASCO CAIXA DIREÇÃO;CASCO CAIXA DIREÇÃO;0;;
292;0486;11.64.1800;0486;11.64.1800;CATEGORIA0;;1;1;0;1;;CASCO CAIXA DIREÇÃO;CASCO CAIXA DIREÇÃO;0;;
292;0486;11.64.1850;0486;11.64.1850;CATEGORIA0;;1;1;0;1;;CASCO CAIXA DIREÇÃO;CASCO CAIXA DIREÇÃO;0;;
292;0486;11.64.1855;0486;11.64.1855;CATEGORIA0;;1;1;0;1;;CASCO CAIXA DIREÇÃO;CASCO CAIXA DIREÇÃO;0;;
292;0486;11.64.1860;0486;11.64.1860;CATEGORIA0;;1;1;0;1;;CASCO CAIXA DIREÇÃO;CASCO CAIXA DIREÇÃO;0;;
292;0486;11.64.1865;0486;11.64.1865;CATEGORIA0;;1;1;0;1;;CASCO CAIXA DIREÇÃO;CASCO CAIXA DIREÇÃO;0;;
292;0486;11.64.1900;0486;11.64.1900;CATEGORIA0;;1;1;0;1;;CASCO CAIXA DIREÇÃO;CASCO CAIXA DIREÇÃO;0;;
292;0486;11.64.1905;0486;11.64.1905;CATEGORIA0;;1;1;0;1;;CASCO CAIXA DIREÇÃO;CASCO CAIXA DIREÇÃO;0;;
292;0486;11.64.2000;0486;11.64.2000;CATEGORIA0;;1;1;0;1;;CASCO CAIXA DIREÇÃO;CASCO CAIXA DIREÇÃO;0;;
292;0486;11.66.1500;0486;11.66.1500;CATEGORIA0;;1;1;0;1;;CASCO CAIXA DIREÇÃO;CASCO CAIXA DIREÇÃO;0;;
292;0486;11.66.1600;0486;11.66.1600;CATEGORIA0;;1;1;0;1;;CASCO CAIXA DIREÇÃO;CASCO CAIXA DIREÇÃO;0;;
292;0486;11.66.1610;0486;11.66.1610;CATEGORIA0;;1;1;0;1;;CASCO CAIXA DIREÇÃO;CASCO CAIXA DIREÇÃO;0;;
292;0486;11.68.6300;0486;11.68.6300;CATEGORIA0;;1;1;0;1;;CASCO CAIXA DIREÇÃO;CASCO CAIXA DIREÇÃO;0;;
292;0486;11.68.6302;0486;11.68.6302;CATEGORIA0;;1;1;0;1;;CASCO CAIXA DIREÇÃO;CASCO CAIXA DIREÇÃO;0;;
292;0486;11.68.6305;0486;11.68.6305;CATEGORIA0;;1;1;0;1;;CASCO CAIXA DIREÇÃO;CASCO CAIXA DIREÇÃO;0;;
292;0486;11.68.6400;0486;11.68.6400;CATEGORIA0;;1;1;0;1;;CASCO CAIXA DIREÇÃO;CASCO CAIXA DIREÇÃO;0;;
292;0486;11.68.6405;0486;11.68.6405;CATEGORIA0;;1;1;0;1;;CASCO CAIXA DIREÇÃO;CASCO CAIXA DIREÇÃO;0;;
292;0486;11.68.6500;0486;11.68.6500;CATEGORIA0;;1;1;0;1;;CASCO CAIXA DIREÇÃO;CASCO CAIXA DIREÇÃO;0;;
292;0486;11.68.6600;0486;11.68.6600;CATEGORIA0;;1;1;0;1;;CASCO CAIXA DIREÇÃO;CASCO CAIXA DIREÇÃO;0;;
292;0486;11.69.0500;0486;11.69.0500;CATEGORIA0;;1;1;0;1;;CASCO CAIXA DIREÇÃO;CASCO CAIXA DIREÇÃO;0;;
292;0486;11.69.7000;0486;11.69.7000;CATEGORIA0;;1;1;0;1;;CASCO CAIXA DIREÇÃO;CASCO CAIXA DIREÇÃO;0;;
292;0486;11.70.5290;0486;11.70.5290;CATEGORIA0;;1;1;0;1;;CASCO CAIXA DIREÇÃO;CASCO CAIXA DIREÇÃO;0;;
292;0486;11.70.5300;0486;11.70.5300;CATEGORIA0;;1;1;0;1;;CASCO CAIXA DIREÇÃO;CASCO CAIXA DIREÇÃO;0;;
292;0486;11.70.5325;0486;11.70.5325;CATEGORIA0;;1;1;0;1;;CASCO CAIXA DIREÇÃO;CASCO CAIXA DIREÇÃO;0;;
292;0486;11.70.5350;0486;11.70.5350;CATEGORIA0;;1;1;0;1;;CASCO CAIXA DIREÇÃO;CASCO CAIXA DIREÇÃO;0;;
292;0486;11.70.5375;0486;11.70.5375;CATEGORIA0;;1;1;0;1;;CASCO CAIXA DIREÇÃO;CASCO CAIXA DIREÇÃO;0;;
292;0486;11.70.5380;0486;11.70.5380;CATEGORIA0;;1;1;0;1;;CASCO CAIXA DIREÇÃO;CASCO CAIXA DIREÇÃO;0;;
292;0486;11.70.5410;0486;11.70.5410;CATEGORIA0;;1;1;0;1;;CASCO CAIXA DIREÇÃO;CASCO CAIXA DIREÇÃO;0;;
292;0486;11.70.5415;0486;11.70.5415;CATEGORIA0;;1;1;0;1;;CASCO CAIXA DIREÇÃO;CASCO CAIXA DIREÇÃO;0;;
292;0486;11.70.5420;0486;11.70.5420;CATEGORIA0;;1;1;0;1;;CASCO CAIXA DIREÇÃO;CASCO CAIXA DIREÇÃO;0;;
292;0486;11.70.5450;0486;11.70.5450;CATEGORIA0;;1;1;0;1;;CASCO CAIXA DIREÇÃO;CASCO CAIXA DIREÇÃO;0;;
292;0486;11.70.5460;0486;11.70.5460;CATEGORIA0;;1;1;0;1;;CASCO CAIXA DIREÇÃO;CASCO CAIXA DIREÇÃO;0;;
292;0486;11.70.5600;0486;11.70.5600;CATEGORIA0;;1;1;0;1;;CASCO CAIXA DIREÇÃO;CASCO CAIXA DIREÇÃO;0;;
292;0486;11.70.5605;0486;11.70.5605;CATEGORIA0;;1;1;0;1;;CASCO CAIXA DIREÇÃO;CASCO CAIXA DIREÇÃO;0;;
292;0486;11.70.5650;0486;11.70.5650;CATEGORIA0;;1;1;0;1;;CASCO CAIXA DIREÇÃO;CASCO CAIXA DIREÇÃO;0;;
292;0486;11.70.5655;0486;11.70.5655;CATEGORIA0;;1;1;0;1;;CASCO CAIXA DIREÇÃO;CASCO CAIXA DIREÇÃO;0;;
292;0486;11.70.5900;0486;11.70.5900;CATEGORIA0;;1;1;0;1;;CASCO CAIXA DIREÇÃO;CASCO CAIXA DIREÇÃO;0;;
292;0486;11.70.6000;0486;11.70.6000;CATEGORIA0;;1;1;0;1;;CASCO CAIXA DIREÇÃO;CASCO CAIXA DIREÇÃO;0;;
292;0486;11.70.6005;0486;11.70.6005;CATEGORIA0;;1;1;0;1;;CASCO CAIXA DIREÇÃO;CASCO CAIXA DIREÇÃO;0;;
292;0486;11.70.6015;0486;11.70.6015;CATEGORIA0;;1;1;0;1;;CASCO CAIXA DIREÇÃO;CASCO CAIXA DIREÇÃO;0;;
292;0486;11.70.6025;0486;11.70.6025;CATEGORIA0;;1;1;0;1;;CASCO CAIXA DIREÇÃO;CASCO CAIXA DIREÇÃO;0;;
292;0486;11.70.6030;0486;11.70.6030;CATEGORIA0;;1;1;0;1;;CASCO CAIXA DIREÇÃO;CASCO CAIXA DIREÇÃO;0;;
292;0486;11.70.6035;0486;11.70.6035;CATEGORIA0;;1;1;0;1;;CASCO CAIXA DIREÇÃO;CASCO CAIXA DIREÇÃO;0;;
292;0486;11.70.6050;0486;11.70.6050;CATEGORIA0;;1;1;0;1;;CASCO CAIXA DIREÇÃO;CASCO CAIXA DIREÇÃO;0;;
292;0486;11.70.6055;0486;11.70.6055;CATEGORIA0;;1;1;0;1;;CASCO CAIXA DIREÇÃO;CASCO CAIXA DIREÇÃO;0;;
292;0486;11.70.6100;0486;11.70.6100;CATEGORIA0;;1;1;0;1;;CASCO CAIXA DIREÇÃO;CASCO CAIXA DIREÇÃO;0;;
292;0486;11.70.6115;0486;11.70.6115;CATEGORIA0;;1;1;0;1;;CASCO CAIXA DIREÇÃO;CASCO CAIXA DIREÇÃO;0;;
292;0486;11.70.6125;0486;11.70.6125;CATEGORIA0;;1;1;0;1;;CASCO CAIXA DIREÇÃO;CASCO CAIXA DIREÇÃO;0;;
292;0486;11.70.6300;0486;11.70.6300;CATEGORIA0;;1;1;0;1;;CASCO CAIXA DIREÇÃO;CASCO CAIXA DIREÇÃO;0;;
292;0486;11.70.6305;0486;11.70.6305;CATEGORIA0;;1;1;0;1;;CASCO CAIXA DIREÇÃO;CASCO CAIXA DIREÇÃO;0;;
292;0486;11.70.6325;0486;11.70.6325;CATEGORIA0;;1;1;0;1;;CASCO CAIXA DIREÇÃO;CASCO CAIXA DIREÇÃO;0;;
292;0486;11.70.6330;0486;11.70.6330;CATEGORIA0;;1;1;0;1;;CASCO CAIXA DIREÇÃO;CASCO CAIXA DIREÇÃO;0;;
292;0486;11.70.6350;0486;11.70.6350;CATEGORIA0;;1;1;0;1;;CASCO CAIXA DIREÇÃO;CASCO CAIXA DIREÇÃO;0;;
292;0486;11.70.6352;0486;11.70.6352;CATEGORIA0;;1;1;0;1;;CASCO CAIXA DIREÇÃO;CASCO CAIXA DIREÇÃO;0;;
292;0486;11.70.6355;0486;11.70.6355;CATEGORIA0;;1;1;0;1;;CASCO CAIXA DIREÇÃO;CASCO CAIXA DIREÇÃO;0;;
292;0486;11.70.6360;0486;11.70.6360;CATEGORIA0;;1;1;0;1;;CASCO CAIXA DIREÇÃO;CASCO CAIXA DIREÇÃO;0;;
292;0486;11.70.6375;0486;11.70.6375;CATEGORIA0;;1;1;0;1;;CASCO CAIXA DIREÇÃO;CASCO CAIXA DIREÇÃO;0;;
292;0486;11.70.6400;0486;11.70.6400;CATEGORIA0;;1;1;0;1;;CASCO CAIXA DIREÇÃO;CASCO CAIXA DIREÇÃO;0;;
292;0486;11.70.6425;0486;11.70.6425;CATEGORIA0;;1;1;0;1;;CASCO CAIXA DIREÇÃO;CASCO CAIXA DIREÇÃO;0;;
292;0486;11.70.6430;0486;11.70.6430;CATEGORIA0;;1;1;0;1;;CASCO CAIXA DIREÇÃO;CASCO CAIXA DIREÇÃO;0;;
292;0486;11.70.6450;0486;11.70.6450;CATEGORIA0;;1;1;0;1;;CASCO CAIXA DIREÇÃO;CASCO CAIXA DIREÇÃO;0;;
292;0486;11.70.6455;0486;11.70.6455;CATEGORIA0;;1;1;0;1;;CASCO CAIXA DIREÇÃO;CASCO CAIXA DIREÇÃO;0;;
292;0486;11.70.6456;0486;11.70.6456;CATEGORIA0;;1;1;0;1;;CASCO CAIXA DIREÇÃO;CASCO CAIXA DIREÇÃO;0;;
292;0486;11.70.6457;0486;11.70.6457;CATEGORIA0;;1;1;0;1;;CASCO CAIXA DIREÇÃO;CASCO CAIXA DIREÇÃO;0;;
292;0486;11.70.6460;0486;11.70.6460;CATEGORIA0;;1;1;0;1;;CASCO CAIXA DIREÇÃO;CASCO CAIXA DIREÇÃO;0;;
292;0486;11.70.6470;0486;11.70.6470;CATEGORIA0;;1;1;0;1;;CASCO CAIXA DIREÇÃO;CASCO CAIXA DIREÇÃO;0;;
292;0486;11.70.6472;0486;11.70.6472;CATEGORIA0;;1;1;0;1;;CASCO CAIXA DIREÇÃO;CASCO CAIXA DIREÇÃO;0;;
292;0486;11.70.6500;0486;11.70.6500;CATEGORIA0;;1;1;0;1;;CASCO CAIXA DIREÇÃO;CASCO CAIXA DIREÇÃO;0;;
292;0486;11.70.6520;0486;11.70.6520;CATEGORIA0;;1;1;0;1;;CASCO CAIXA DIREÇÃO;CASCO CAIXA DIREÇÃO;0;;
292;0486;11.70.6600;0486;11.70.6600;CATEGORIA0;;1;1;0;1;;CASCO CAIXA DIREÇÃO;CASCO CAIXA DIREÇÃO;0;;
292;0486;11.70.6610;0486;11.70.6610;CATEGORIA0;;1;1;0;1;;CASCO CAIXA DIREÇÃO;CASCO CAIXA DIREÇÃO;0;;
292;0486;11.70.6620;0486;11.70.6620;CATEGORIA0;;1;1;0;1;;CASCO CAIXA DIREÇÃO;CASCO CAIXA DIREÇÃO;0;;
292;0486;11.70.6630;0486;11.70.6630;CATEGORIA0;;1;1;0;1;;CASCO CAIXA DIREÇÃO;CASCO CAIXA DIREÇÃO;0;;
292;0486;11.70.6640;0486;11.70.6640;CATEGORIA0;;1;1;0;1;;CASCO CAIXA DIREÇÃO;CASCO CAIXA DIREÇÃO;0;;
292;0486;11.70.6650;0486;11.70.6650;CATEGORIA0;;1;1;0;1;;CASCO CAIXA DIREÇÃO;CASCO CAIXA DIREÇÃO;0;;
292;0486;11.70.6700;0486;11.70.6700;CATEGORIA0;;1;1;0;1;;CASCO CAIXA DIREÇÃO;CASCO CAIXA DIREÇÃO;0;;
292;0486;11.70.6710;0486;11.70.6710;CATEGORIA0;;1;1;0;1;;CASCO CAIXA DIREÇÃO;CASCO CAIXA DIREÇÃO;0;;
292;0486;11.70.6730;0486;11.70.6730;CATEGORIA0;;1;1;0;1;;CASCO CAIXA DIREÇÃO;CASCO CAIXA DIREÇÃO;0;;
292;0486;11.70.6800;0486;11.70.6800;CATEGORIA0;;1;1;0;1;;CASCO CAIXA DIREÇÃO;CASCO CAIXA DIREÇÃO;0;;
292;0486;11.70.6900;0486;11.70.6900;CATEGORIA0;;1;1;0;1;;CASCO CAIXA DIREÇÃO;CASCO CAIXA DIREÇÃO;0;;
292;0486;11.70.7000;0486;11.70.7000;CATEGORIA0;;1;1;0;1;;CASCO CAIXA DIREÇÃO;CASCO CAIXA DIREÇÃO;0;;
292;0486;11.70.7010;0486;11.70.7010;CATEGORIA0;;1;1;0;1;;CASCO CAIXA DIREÇÃO;CASCO CAIXA DIREÇÃO;0;;
292;0486;11.70.7100;0486;11.70.7100;CATEGORIA0;;1;1;0;1;;CASCO CAIXA DIREÇÃO;CASCO CAIXA DIREÇÃO;0;;
292;0486;11.70.7500;0486;11.70.7500;CATEGORIA0;;1;1;0;1;;CASCO CAIXA DIREÇÃO;CASCO CAIXA DIREÇÃO;0;;
292;0486;11.72.3000;0486;11.72.3000;CATEGORIA0;;1;1;0;1;;CASCO CAIXA DIREÇÃO;CASCO CAIXA DIREÇÃO;0;;
292;0486;11.72.3100;0486;11.72.3100;CATEGORIA0;;1;1;0;1;;CASCO CAIXA DIREÇÃO;CASCO CAIXA DIREÇÃO;0;;
292;0486;11.74.4000;0486;11.74.4000;CATEGORIA0;;1;1;0;1;;CASCO CAIXA DIREÇÃO;CASCO CAIXA DIREÇÃO;0;;
292;0486;11.74.4500;0486;11.74.4500;CATEGORIA0;;1;1;0;1;;CASCO CAIXA DIREÇÃO;CASCO CAIXA DIREÇÃO;0;;
292;0486;11.74.5000;0486;11.74.5000;CATEGORIA0;;1;1;0;1;;CASCO CAIXA DIREÇÃO;CASCO CAIXA DIREÇÃO;0;;
292;0486;11.74.5005;0486;11.74.5005;CATEGORIA0;;1;1;0;1;;CASCO CAIXA DIREÇÃO;CASCO CAIXA DIREÇÃO;0;;
292;0486;11.74.5006;0486;11.74.5006;CATEGORIA0;;1;1;0;1;;CASCO CAIXA DIREÇÃO;CASCO CAIXA DIREÇÃO;0;;
292;0486;11.74.5150;0486;11.74.5150;CATEGORIA0;;1;1;0;1;;CASCO CAIXA DIREÇÃO;CASCO CAIXA DIREÇÃO;0;;
292;0486;11.74.5200;0486;11.74.5200;CATEGORIA0;;1;1;0;1;;CASCO CAIXA DIREÇÃO;CASCO CAIXA DIREÇÃO;0;;
292;0486;11.74.5300;0486;11.74.5300;CATEGORIA0;;1;1;0;1;;CASCO CAIXA DIREÇÃO;CASCO CAIXA DIREÇÃO;0;;
292;0486;11.74.5400;0486;11.74.5400;CATEGORIA0;;1;1;0;1;;CASCO CAIXA DIREÇÃO;CASCO CAIXA DIREÇÃO;0;;
292;0486;11.74.5500;0486;11.74.5500;CATEGORIA0;;1;1;0;1;;CASCO CAIXA DIREÇÃO;CASCO CAIXA DIREÇÃO;0;;
292;0486;11.74.5510;0486;11.74.5510;CATEGORIA0;;1;1;0;1;;CASCO CAIXA DIREÇÃO;CASCO CAIXA DIREÇÃO;0;;
292;0486;11.74.5515;0486;11.74.5515;CATEGORIA0;;1;1;0;1;;CASCO CAIXA DIREÇÃO;CASCO CAIXA DIREÇÃO;0;;
292;0486;11.74.5520;0486;11.74.5520;CATEGORIA0;;1;1;0;1;;CASCO CAIXA DIREÇÃO;CASCO CAIXA DIREÇÃO;0;;
292;0486;11.74.5800;0486;11.74.5800;CATEGORIA0;;1;1;0;1;;CASCO CAIXA DIREÇÃO;CASCO CAIXA DIREÇÃO;0;;
292;0486;11.74.5900;0486;11.74.5900;CATEGORIA0;;1;1;0;1;;CASCO CAIXA DIREÇÃO;CASCO CAIXA DIREÇÃO;0;;
292;0486;11.76.2100;0486;11.76.2100;CATEGORIA0;;1;1;0;1;;CASCO CAIXA DIREÇÃO;CASCO CAIXA DIREÇÃO;0;;
292;0486;11.76.2120;0486;11.76.2120;CATEGORIA0;;1;1;0;1;;CASCO CAIXA DIREÇÃO;CASCO CAIXA DIREÇÃO;0;;
292;0486;11.76.2175;0486;11.76.2175;CATEGORIA0;;1;1;0;1;;CASCO CAIXA DIREÇÃO;CASCO CAIXA DIREÇÃO;0;;
292;0486;11.76.2200;0486;11.76.2200;CATEGORIA0;;1;1;0;1;;CASCO CAIXA DIREÇÃO;CASCO CAIXA DIREÇÃO;0;;
292;0486;11.76.2250;0486;11.76.2250;CATEGORIA0;;1;1;0;1;;CASCO CAIXA DIREÇÃO;CASCO CAIXA DIREÇÃO;0;;
292;0486;11.76.2260;0486;11.76.2260;CATEGORIA0;;1;1;0;1;;CASCO CAIXA DIREÇÃO;CASCO CAIXA DIREÇÃO;0;;
292;0486;11.76.2270;0486;11.76.2270;CATEGORIA0;;1;1;0;1;;CASCO CAIXA DIREÇÃO;CASCO CAIXA DIREÇÃO;0;;
292;0486;11.76.2300;0486;11.76.2300;CATEGORIA0;;1;1;0;1;;CASCO CAIXA DIREÇÃO;CASCO CAIXA DIREÇÃO;0;;
292;0486;11.76.2302;0486;11.76.2302;CATEGORIA0;;1;1;0;1;;CASCO CAIXA DIREÇÃO;CASCO CAIXA DIREÇÃO;0;;
292;0486;11.78.1100;0486;11.78.1100;CATEGORIA0;;1;1;0;1;;CASCO CAIXA DIREÇÃO;CASCO CAIXA DIREÇÃO;0;;
292;0486;11.78.1111;0486;11.78.1111;CATEGORIA0;;1;1;0;1;;CASCO CAIXA DIREÇÃO;CASCO CAIXA DIREÇÃO;0;;
292;0486;11.80.1500;0486;11.80.1500;CATEGORIA0;;1;1;0;1;;CASCO CAIXA DIREÇÃO;CASCO CAIXA DIREÇÃO;0;;
292;0486;11.80.3100;0486;11.80.3100;CATEGORIA0;;1;1;0;1;;CASCO CAIXA DIREÇÃO;CASCO CAIXA DIREÇÃO;0;;
292;0486;11.83.4500;0486;11.83.4500;CATEGORIA0;;1;1;0;1;;CASCO CAIXA DIREÇÃO;CASCO CAIXA DIREÇÃO;0;;
292;0486;11.83.4550;0486;11.83.4550;CATEGORIA0;;1;1;0;1;;CASCO CAIXA DIREÇÃO;CASCO CAIXA DIREÇÃO;0;;
292;0486;11.83.4570;0486;11.83.4570;CATEGORIA0;;1;1;0;1;;CASCO CAIXA DIREÇÃO;CASCO CAIXA DIREÇÃO;0;;
292;0486;11.83.4590;0486;11.83.4590;CATEGORIA0;;1;1;0;1;;CASCO CAIXA DIREÇÃO;CASCO CAIXA DIREÇÃO;0;;
292;0486;11.83.4650;0486;11.83.4650;CATEGORIA0;;1;1;0;1;;CASCO CAIXA DIREÇÃO;CASCO CAIXA DIREÇÃO;0;;
292;0486;11.83.4800;0486;11.83.4800;CATEGORIA0;;1;1;0;1;;CASCO CAIXA DIREÇÃO;CASCO CAIXA DIREÇÃO;0;;
292;0486;11.83.4802;0486;11.83.4802;CATEGORIA0;;1;1;0;1;;CASCO CAIXA DIREÇÃO;CASCO CAIXA DIREÇÃO;0;;
292;0486;11.83.4900;0486;11.83.4900;CATEGORIA0;;1;1;0;1;;CASCO CAIXA DIREÇÃO;CASCO CAIXA DIREÇÃO;0;;
292;0486;11.83.5000;0486;11.83.5000;CATEGORIA0;;1;1;0;1;;CASCO CAIXA DIREÇÃO;CASCO CAIXA DIREÇÃO;0;;
292;0486;11.85.2200;0486;11.85.2200;CATEGORIA0;;1;1;0;1;;CASCO CAIXA DIREÇÃO;CASCO CAIXA DIREÇÃO;0;;
292;0486;11.85.2300;0486;11.85.2300;CATEGORIA0;;1;1;0;1;;CASCO CAIXA DIREÇÃO;CASCO CAIXA DIREÇÃO;0;;
292;0486;11.85.2400;0486;11.85.2400;CATEGORIA0;;1;1;0;1;;CASCO CAIXA DIREÇÃO;CASCO CAIXA DIREÇÃO;0;;
292;0486;11.85.2405;0486;11.85.2405;CATEGORIA0;;1;1;0;1;;CASCO CAIXA DIREÇÃO;CASCO CAIXA DIREÇÃO;0;;
292;0486;11.85.2500;0486;11.85.2500;CATEGORIA0;;1;1;0;1;;CASCO CAIXA DIREÇÃO;CASCO CAIXA DIREÇÃO;0;;
292;0486;11.85.2600;0486;11.85.2600;CATEGORIA0;;1;1;0;1;;CASCO CAIXA DIREÇÃO;CASCO CAIXA DIREÇÃO;0;;
292;0486;11.85.2700;0486;11.85.2700;CATEGORIA0;;1;1;0;1;;CASCO CAIXA DIREÇÃO;CASCO CAIXA DIREÇÃO;0;;
292;0486;11.87.4300;0486;11.87.4300;CATEGORIA0;;1;1;0;1;;CASCO CAIXA DIREÇÃO;CASCO CAIXA DIREÇÃO;0;;
292;0486;11.87.4500;0486;11.87.4500;CATEGORIA0;;1;1;0;1;;CASCO CAIXA DIREÇÃO;CASCO CAIXA DIREÇÃO;0;;
292;0486;11.87.4505;0486;11.87.4505;CATEGORIA0;;1;1;0;1;;CASCO CAIXA DIREÇÃO;CASCO CAIXA DIREÇÃO;0;;
292;0486;11.87.9000;0486;11.87.9000;CATEGORIA0;;1;1;0;1;;CASCO CAIXA DIREÇÃO;CASCO CAIXA DIREÇÃO;0;;
292;0486;11.87.9500;0486;11.87.9500;CATEGORIA0;;1;1;0;1;;CASCO CAIXA DIREÇÃO;CASCO CAIXA DIREÇÃO;0;;
292;0486;11.89.1000;0486;11.89.1000;CATEGORIA0;;1;1;0;1;;CASCO CAIXA DIREÇÃO;CASCO CAIXA DIREÇÃO;0;;
292;0486;11.91.1200;0486;11.91.1200;CATEGORIA0;;1;1;0;1;;CASCO CAIXA DIREÇÃO;CASCO CAIXA DIREÇÃO;0;;
292;0486;11.91.1205;0486;11.91.1205;CATEGORIA0;;1;1;0;1;;CASCO CAIXA DIREÇÃO;CASCO CAIXA DIREÇÃO;0;;
292;0486;11.91.1210;0486;11.91.1210;CATEGORIA0;;1;1;0;1;;CASCO CAIXA DIREÇÃO;CASCO CAIXA DIREÇÃO;0;;
292;0486;11.91.1215;0486;11.91.1215;CATEGORIA0;;1;1;0;1;;CASCO CAIXA DIREÇÃO;CASCO CAIXA DIREÇÃO;0;;
292;0486;11.91.1225;0486;11.91.1225;CATEGORIA0;;1;1;0;1;;CASCO CAIXA DIREÇÃO;CASCO CAIXA DIREÇÃO;0;;
292;0486;11.91.1240;0486;11.91.1240;CATEGORIA0;;1;1;0;1;;CASCO CAIXA DIREÇÃO;CASCO CAIXA DIREÇÃO;0;;
292;0486;11.93.1325;0486;11.93.1325;CATEGORIA0;;1;1;0;1;;CASCO CAIXA DIREÇÃO;CASCO CAIXA DIREÇÃO;0;;
292;0486;11.93.1327;0486;11.93.1327;CATEGORIA0;;1;1;0;1;;CASCO CAIXA DIREÇÃO;CASCO CAIXA DIREÇÃO;0;;
292;0486;11.93.1410;0486;11.93.1410;CATEGORIA0;;1;1;0;1;;CASCO CAIXA DIREÇÃO;CASCO CAIXA DIREÇÃO;0;;
292;0486;11.93.1412;0486;11.93.1412;CATEGORIA0;;1;1;0;1;;CASCO CAIXA DIREÇÃO;CASCO CAIXA DIREÇÃO;0;;
292;0486;11.93.1414;0486;11.93.1414;CATEGORIA0;;1;1;0;1;;CASCO CAIXA DIREÇÃO;CASCO CAIXA DIREÇÃO;0;;
292;0486;11.93.1415;0486;11.93.1415;CATEGORIA0;;1;1;0;1;;CASCO CAIXA DIREÇÃO;CASCO CAIXA DIREÇÃO;0;;
292;0486;11.93.1420;0486;11.93.1420;CATEGORIA0;;1;1;0;1;;CASCO CAIXA DIREÇÃO;CASCO CAIXA DIREÇÃO;0;;
292;0486;11.93.1480;0486;11.93.1480;CATEGORIA0;;1;1;0;1;;CASCO CAIXA DIREÇÃO;CASCO CAIXA DIREÇÃO;0;;
292;0486;11.93.1482;0486;11.93.1482;CATEGORIA0;;1;1;0;1;;CASCO CAIXA DIREÇÃO;CASCO CAIXA DIREÇÃO;0;;
292;0486;11.93.1483;0486;11.93.1483;CATEGORIA0;;1;1;0;1;;CASCO CAIXA DIREÇÃO;CASCO CAIXA DIREÇÃO;0;;
292;0486;11.93.1485;0486;11.93.1485;CATEGORIA0;;1;1;0;1;;CASCO CAIXA DIREÇÃO;CASCO CAIXA DIREÇÃO;0;;
292;0486;11.93.1490;0486;11.93.1490;CATEGORIA0;;1;1;0;1;;CASCO CAIXA DIREÇÃO;CASCO CAIXA DIREÇÃO;0;;
292;0486;11.93.1520;0486;11.93.1520;CATEGORIA0;;1;1;0;1;;CASCO CAIXA DIREÇÃO;CASCO CAIXA DIREÇÃO;0;;
292;0486;11.93.1530;0486;11.93.1530;CATEGORIA0;;1;1;0;1;;CASCO CAIXA DIREÇÃO;CASCO CAIXA DIREÇÃO;0;;
292;0486;11.93.1550;0486;11.93.1550;CATEGORIA0;;1;1;0;1;;CASCO CAIXA DIREÇÃO;CASCO CAIXA DIREÇÃO;0;;
292;0486;11.93.1560;0486;11.93.1560;CATEGORIA0;;1;1;0;1;;CASCO CAIXA DIREÇÃO;CASCO CAIXA DIREÇÃO;0;;
292;0486;11.93.1570;0486;11.93.1570;CATEGORIA0;;1;1;0;1;;CASCO CAIXA DIREÇÃO;CASCO CAIXA DIREÇÃO;0;;
292;0486;11.93.1580;0486;11.93.1580;CATEGORIA0;;1;1;0;1;;CASCO CAIXA DIREÇÃO;CASCO CAIXA DIREÇÃO;0;;
292;0486;11.93.1590;0486;11.93.1590;CATEGORIA0;;1;1;0;1;;CASCO CAIXA DIREÇÃO;CASCO CAIXA DIREÇÃO;0;;
292;0486;11.93.1700;0486;11.93.1700;CATEGORIA0;;1;1;0;1;;CASCO CAIXA DIREÇÃO;CASCO CAIXA DIREÇÃO;0;;
292;0486;11.93.1800;0486;11.93.1800;CATEGORIA0;;1;1;0;1;;CASCO CAIXA DIREÇÃO;CASCO CAIXA DIREÇÃO;0;;
292;0486;11.93.2000;0486;11.93.2000;CATEGORIA0;;1;1;0;1;;CASCO CAIXA DIREÇÃO;CASCO CAIXA DIREÇÃO;0;;
292;0486;11.93.2020;0486;11.93.2020;CATEGORIA0;;1;1;0;1;;CASCO CAIXA DIREÇÃO;CASCO CAIXA DIREÇÃO;0;;
292;0486;11.93.2030;0486;11.93.2030;CATEGORIA0;;1;1;0;1;;CASCO CAIXA DIREÇÃO;CASCO CAIXA DIREÇÃO;0;;
292;0486;11.93.2050;0486;11.93.2050;CATEGORIA0;;1;1;0;1;;CASCO CAIXA DIREÇÃO;CASCO CAIXA DIREÇÃO;0;;
292;0486;11.93.2060;0486;11.93.2060;CATEGORIA0;;1;1;0;1;;CASCO CAIXA DIREÇÃO;CASCO CAIXA DIREÇÃO;0;;
292;0486;11.93.2070;0486;11.93.2070;CATEGORIA0;;1;1;0;1;;CASCO CAIXA DIREÇÃO;CASCO CAIXA DIREÇÃO;0;;
292;0486;11.93.2075;0486;11.93.2075;CATEGORIA0;;1;1;0;1;;CASCO CAIXA DIREÇÃO;CASCO CAIXA DIREÇÃO;0;;
292;0486;11.93.2076;0486;11.93.2076;CATEGORIA0;;1;1;0;1;;CASCO CAIXA DIREÇÃO;CASCO CAIXA DIREÇÃO;0;;
292;0486;11.93.2080;0486;11.93.2080;CATEGORIA0;;1;1;0;1;;CASCO CAIXA DIREÇÃO;CASCO CAIXA DIREÇÃO;0;;
292;0486;11.93.2400;0486;11.93.2400;CATEGORIA0;;1;1;0;1;;CASCO CAIXA DIREÇÃO;CASCO CAIXA DIREÇÃO;0;;
292;0486;11.93.3000;0486;11.93.3000;CATEGORIA0;;1;1;0;1;;CASCO CAIXA DIREÇÃO;CASCO CAIXA DIREÇÃO;0;;
292;0486;11.93.3400;0486;11.93.3400;CATEGORIA0;;1;1;0;1;;CASCO CAIXA DIREÇÃO;CASCO CAIXA DIREÇÃO;0;;
292;0486;11.93.3500;0486;11.93.3500;CATEGORIA0;;1;1;0;1;;CASCO CAIXA DIREÇÃO;CASCO CAIXA DIREÇÃO;0;;
292;0486;11.93.4000;0486;11.93.4000;CATEGORIA0;;1;1;0;1;;CASCO CAIXA DIREÇÃO;CASCO CAIXA DIREÇÃO;0;;
292;0486;11.93.4003;0486;11.93.4003;CATEGORIA0;;1;1;0;1;;CASCO CAIXA DIREÇÃO;CASCO CAIXA DIREÇÃO;0;;
292;0486;11.94.4000;0486;11.94.4000;CATEGORIA0;;1;1;0;1;;CASCO CAIXA DIREÇÃO;CASCO CAIXA DIREÇÃO;0;;
292;0486;11.96.2965;0486;11.96.2965;CATEGORIA0;;1;1;0;1;;CASCO CAIXA DIREÇÃO;CASCO CAIXA DIREÇÃO;0;;
292;0486;11.96.2966;0486;11.96.2966;CATEGORIA0;;1;1;0;1;;CASCO CAIXA DIREÇÃO;CASCO CAIXA DIREÇÃO;0;;
292;0486;11.96.2970;0486;11.96.2970;CATEGORIA0;;1;1;0;1;;CASCO CAIXA DIREÇÃO;CASCO CAIXA DIREÇÃO;0;;
292;0486;11.96.2971;0486;11.96.2971;CATEGORIA0;;1;1;0;1;;CASCO CAIXA DIREÇÃO;CASCO CAIXA DIREÇÃO;0;;
292;0486;11.96.2975;0486;11.96.2975;CATEGORIA0;;1;1;0;1;;CASCO CAIXA DIREÇÃO;CASCO CAIXA DIREÇÃO;0;;
292;0486;11.96.2976;0486;11.96.2976;CATEGORIA0;;1;1;0;1;;CASCO CAIXA DIREÇÃO;CASCO CAIXA DIREÇÃO;0;;
292;0486;11.96.2980;0486;11.96.2980;CATEGORIA0;;1;1;0;1;;CASCO CAIXA DIREÇÃO;CASCO CAIXA DIREÇÃO;0;;
292;0486;11.96.2981;0486;11.96.2981;CATEGORIA0;;1;1;0;1;;CASCO CAIXA DIREÇÃO;CASCO CAIXA DIREÇÃO;0;;
292;0486;11.96.2982;0486;11.96.2982;CATEGORIA0;;1;1;0;1;;CASCO CAIXA DIREÇÃO;CASCO CAIXA DIREÇÃO;0;;
292;0486;11.96.3005;0486;11.96.3005;CATEGORIA0;;1;1;0;1;;CASCO CAIXA DIREÇÃO;CASCO CAIXA DIREÇÃO;0;;
292;0486;11.96.3010;0486;11.96.3010;CATEGORIA0;;1;1;0;1;;CASCO CAIXA DIREÇÃO;CASCO CAIXA DIREÇÃO;0;;
292;0486;11.96.3015;0486;11.96.3015;CATEGORIA0;;1;1;0;1;;CASCO CAIXA DIREÇÃO;CASCO CAIXA DIREÇÃO;0;;
292;0486;11.96.3016;0486;11.96.3016;CATEGORIA0;;1;1;0;1;;CASCO CAIXA DIREÇÃO;CASCO CAIXA DIREÇÃO;0;;
292;0486;11.96.3020;0486;11.96.3020;CATEGORIA0;;1;1;0;1;;CASCO CAIXA DIREÇÃO;CASCO CAIXA DIREÇÃO;0;;
292;0486;11.96.3025;0486;11.96.3025;CATEGORIA0;;1;1;0;1;;CASCO CAIXA DIREÇÃO;CASCO CAIXA DIREÇÃO;0;;
292;0486;11.96.3050;0486;11.96.3050;CATEGORIA0;;1;1;0;1;;CASCO CAIXA DIREÇÃO;CASCO CAIXA DIREÇÃO;0;;
292;0486;11.96.3100;0486;11.96.3100;CATEGORIA0;;1;1;0;1;;CASCO CAIXA DIREÇÃO;CASCO CAIXA DIREÇÃO;0;;
292;0486;11.96.3200;0486;11.96.3200;CATEGORIA0;;1;1;0;1;;CASCO CAIXA DIREÇÃO;CASCO CAIXA DIREÇÃO;0;;
292;0486;11.96.3210;0486;11.96.3210;CATEGORIA0;;1;1;0;1;;CASCO CAIXA DIREÇÃO;CASCO CAIXA DIREÇÃO;0;;
292;0486;11.96.3211;0486;11.96.3211;CATEGORIA0;;1;1;0;1;;CASCO CAIXA DIREÇÃO;CASCO CAIXA DIREÇÃO;0;;
292;0486;11.96.3212;0486;11.96.3212;CATEGORIA0;;1;1;0;1;;CASCO CAIXA DIREÇÃO;CASCO CAIXA DIREÇÃO;0;;
292;0486;11.96.3300;0486;11.96.3300;CATEGORIA0;;1;1;0;1;;CASCO CAIXA DIREÇÃO;CASCO CAIXA DIREÇÃO;0;;
292;0486;11.96.3450;0486;11.96.3450;CATEGORIA0;;1;1;0;1;;CASCO CAIXA DIREÇÃO;CASCO CAIXA DIREÇÃO;0;;
292;0486;11.96.3500;0486;11.96.3500;CATEGORIA0;;1;1;0;1;;CASCO CAIXA DIREÇÃO;CASCO CAIXA DIREÇÃO;0;;
292;0486;11.96.3502;0486;11.96.3502;CATEGORIA0;;1;1;0;1;;CASCO CAIXA DIREÇÃO;CASCO CAIXA DIREÇÃO;0;;
292;0486;11.96.3520;0486;11.96.3520;CATEGORIA0;;1;1;0;1;;CASCO CAIXA DIREÇÃO;CASCO CAIXA DIREÇÃO;0;;
292;0486;11.96.3550;0486;11.96.3550;CATEGORIA0;;1;1;0;1;;CASCO CAIXA DIREÇÃO;CASCO CAIXA DIREÇÃO;0;;
292;0486;11.96.3555;0486;11.96.3555;CATEGORIA0;;1;1;0;1;;CASCO CAIXA DIREÇÃO;CASCO CAIXA DIREÇÃO;0;;
292;0486;11.96.3600;0486;11.96.3600;CATEGORIA0;;1;1;0;1;;CASCO CAIXA DIREÇÃO;CASCO CAIXA DIREÇÃO;0;;
292;0486;11.96.3650;0486;11.96.3650;CATEGORIA0;;1;1;0;1;;CASCO CAIXA DIREÇÃO;CASCO CAIXA DIREÇÃO;0;;
292;0486;11.98.5240;0486;11.98.5240;CATEGORIA0;;1;1;0;1;;CASCO CAIXA DIREÇÃO;CASCO CAIXA DIREÇÃO;0;;
292;0486;11.98.5250;0486;11.98.5250;CATEGORIA0;;1;1;0;1;;CASCO CAIXA DIREÇÃO;CASCO CAIXA DIREÇÃO;0;;
292;0486;11.98.5260;0486;11.98.5260;CATEGORIA0;;1;1;0;1;;CASCO CAIXA DIREÇÃO;CASCO CAIXA DIREÇÃO;0;;
292;0486;11.98.5270;0486;11.98.5270;CATEGORIA0;;1;1;0;1;;CASCO CAIXA DIREÇÃO;CASCO CAIXA DIREÇÃO;0;;
292;0486;11.98.5360;0486;11.98.5360;CATEGORIA0;;1;1;0;1;;CASCO CAIXA DIREÇÃO;CASCO CAIXA DIREÇÃO;0;;
292;0486;11.98.5440;0486;11.98.5440;CATEGORIA0;;1;1;0;1;;CASCO CAIXA DIREÇÃO;CASCO CAIXA DIREÇÃO;0;;
292;0486;11.98.5450;0486;11.98.5450;CATEGORIA0;;1;1;0;1;;CASCO CAIXA DIREÇÃO;CASCO CAIXA DIREÇÃO;0;;
292;0486;11.98.5740;0486;11.98.5740;CATEGORIA0;;1;1;0;1;;CASCO CAIXA DIREÇÃO;CASCO CAIXA DIREÇÃO;0;;
292;0486;11.98.5750;0486;11.98.5750;CATEGORIA0;;1;1;0;1;;CASCO CAIXA DIREÇÃO;CASCO CAIXA DIREÇÃO;0;;
292;0486;11.98.5800;0486;11.98.5800;CATEGORIA0;;1;1;0;1;;CASCO CAIXA DIREÇÃO;CASCO CAIXA DIREÇÃO;0;;
292;0486;11.98.5815;0486;11.98.5815;CATEGORIA0;;1;1;0;1;;CASCO CAIXA DIREÇÃO;CASCO CAIXA DIREÇÃO;0;;
292;0486;11.98.5816;0486;11.98.5816;CATEGORIA0;;1;1;0;1;;CASCO CAIXA DIREÇÃO;CASCO CAIXA DIREÇÃO;0;;
292;0486;11.98.5818;0486;11.98.5818;CATEGORIA0;;1;1;0;1;;CASCO CAIXA DIREÇÃO;CASCO CAIXA DIREÇÃO;0;;
292;0486;11.98.5820;0486;11.98.5820;CATEGORIA0;;1;1;0;1;;CASCO CAIXA DIREÇÃO;CASCO CAIXA DIREÇÃO;0;;
292;0486;11.98.5900;0486;11.98.5900;CATEGORIA0;;1;1;0;1;;CASCO CAIXA DIREÇÃO;CASCO CAIXA DIREÇÃO;0;;
292;0486;11.98.6000;0486;11.98.6000;CATEGORIA0;;1;1;0;1;;CASCO CAIXA DIREÇÃO;CASCO CAIXA DIREÇÃO;0;;
292;0486;11.98.6002;0486;11.98.6002;CATEGORIA0;;1;1;0;1;;CASCO CAIXA DIREÇÃO;CASCO CAIXA DIREÇÃO;0;;
292;0486;11.98.6005;0486;11.98.6005;CATEGORIA0;;1;1;0;1;;CASCO CAIXA DIREÇÃO;CASCO CAIXA DIREÇÃO;0;;
292;0486;11.98.6006;0486;11.98.6006;CATEGORIA0;;1;1;0;1;;CASCO CAIXA DIREÇÃO;CASCO CAIXA DIREÇÃO;0;;
292;0486;11.98.6007;0486;11.98.6007;CATEGORIA0;;1;1;0;1;;CASCO CAIXA DIREÇÃO;CASCO CAIXA DIREÇÃO;0;;
292;0486;11.98.6008;0486;11.98.6008;CATEGORIA0;;1;1;0;1;;CASCO CAIXA DIREÇÃO;CASCO CAIXA DIREÇÃO;0;;
292;0486;11.98.6100;0486;11.98.6100;CATEGORIA0;;1;1;0;1;;CASCO CAIXA DIREÇÃO;CASCO CAIXA DIREÇÃO;0;;
292;0486;11.98.7000;0486;11.98.7000;CATEGORIA0;;1;1;0;1;;CASCO CAIXA DIREÇÃO;CASCO CAIXA DIREÇÃO;0;;
292;0486;11.98.7001;0486;11.98.7001;CATEGORIA0;;1;1;0;1;;CASCO CAIXA DIREÇÃO;CASCO CAIXA DIREÇÃO;0;;
292;0486;11.98.7002;0486;11.98.7002;CATEGORIA0;;1;1;0;1;;CASCO CAIXA DIREÇÃO;CASCO CAIXA DIREÇÃO;0;;
292;0486;11.98.7005;0486;11.98.7005;CATEGORIA0;;1;1;0;1;;CASCO CAIXA DIREÇÃO;CASCO CAIXA DIREÇÃO;0;;
292;0486;11.98.7008;0486;11.98.7008;CATEGORIA0;;1;1;0;1;;CASCO CAIXA DIREÇÃO;CASCO CAIXA DIREÇÃO;0;;
292;0486;11.98.7010;0486;11.98.7010;CATEGORIA0;;1;1;0;1;;CASCO CAIXA DIREÇÃO;CASCO CAIXA DIREÇÃO;0;;
292;0486;11.98.7011;0486;11.98.7011;CATEGORIA0;;1;1;0;1;;CASCO CAIXA DIREÇÃO;CASCO CAIXA DIREÇÃO;0;;
292;0486;11.98.7020;0486;11.98.7020;CATEGORIA0;;1;1;0;1;;CASCO CAIXA DIREÇÃO;CASCO CAIXA DIREÇÃO;0;;
292;0486;11.98.7025;0486;11.98.7025;CATEGORIA0;;1;1;0;1;;CASCO CAIXA DIREÇÃO;CASCO CAIXA DIREÇÃO;0;;
292;0486;11.98.7030;0486;11.98.7030;CATEGORIA0;;1;1;0;1;;CASCO CAIXA DIREÇÃO;CASCO CAIXA DIREÇÃO;0;;
292;0486;11.98.7035;0486;11.98.7035;CATEGORIA0;;1;1;0;1;;CASCO CAIXA DIREÇÃO;CASCO CAIXA DIREÇÃO;0;;
292;0486;12.01.4500;0486;12.01.4500;CATEGORIA0;;1;1;0;1;;CASCO CAIXA DIREÇÃO;CASCO CAIXA DIREÇÃO;0;;
292;0486;12.01.5500;0486;12.01.5500;CATEGORIA0;;1;1;0;1;;CASCO CAIXA DIREÇÃO;CASCO CAIXA DIREÇÃO;0;;
292;0486;12.09.1100;0486;12.09.1100;CATEGORIA0;;1;1;0;1;;CASCO CAIXA DIREÇÃO;CASCO CAIXA DIREÇÃO;0;;
292;0486;12.09.1200;0486;12.09.1200;CATEGORIA0;;1;1;0;1;;CASCO CAIXA DIREÇÃO;CASCO CAIXA DIREÇÃO;0;;
292;0486;12.09.1300;0486;12.09.1300;CATEGORIA0;;1;1;0;1;;CASCO CAIXA DIREÇÃO;CASCO CAIXA DIREÇÃO;0;;
292;0486;12.09.1305;0486;12.09.1305;CATEGORIA0;;1;1;0;1;;CASCO CAIXA DIREÇÃO;CASCO CAIXA DIREÇÃO;0;;
292;0486;12.09.1400;0486;12.09.1400;CATEGORIA0;;1;1;0;1;;CASCO CAIXA DIREÇÃO;CASCO CAIXA DIREÇÃO;0;;
292;0486;12.09.1405;0486;12.09.1405;CATEGORIA0;;1;1;0;1;;CASCO CAIXA DIREÇÃO;CASCO CAIXA DIREÇÃO;0;;
292;0486;12.09.1500;0486;12.09.1500;CATEGORIA0;;1;1;0;1;;CASCO CAIXA DIREÇÃO;CASCO CAIXA DIREÇÃO;0;;
292;0486;12.16.4500;0486;12.16.4500;CATEGORIA0;;1;1;0;1;;CASCO CAIXA DIREÇÃO;CASCO CAIXA DIREÇÃO;0;;
292;0486;12.16.4510;0486;12.16.4510;CATEGORIA0;;1;1;0;1;;CASCO CAIXA DIREÇÃO;CASCO CAIXA DIREÇÃO;0;;
292;0486;12.16.4520;0486;12.16.4520;CATEGORIA0;;1;1;0;1;;CASCO CAIXA DIREÇÃO;CASCO CAIXA DIREÇÃO;0;;
292;0486;12.16.4530;0486;12.16.4530;CATEGORIA0;;1;1;0;1;;CASCO CAIXA DIREÇÃO;CASCO CAIXA DIREÇÃO;0;;
292;0486;12.16.4650;0486;12.16.4650;CATEGORIA0;;1;1;0;1;;CASCO CAIXA DIREÇÃO;CASCO CAIXA DIREÇÃO;0;;
292;0486;12.16.4700;0486;12.16.4700;CATEGORIA0;;1;1;0;1;;CASCO CAIXA DIREÇÃO;CASCO CAIXA DIREÇÃO;0;;
292;0486;12.16.4800;0486;12.16.4800;CATEGORIA0;;1;1;0;1;;CASCO CAIXA DIREÇÃO;CASCO CAIXA DIREÇÃO;0;;
292;0486;12.16.4950;0486;12.16.4950;CATEGORIA0;;1;1;0;1;;CASCO CAIXA DIREÇÃO;CASCO CAIXA DIREÇÃO;0;;
292;0486;12.16.5000;0486;12.16.5000;CATEGORIA0;;1;1;0;1;;CASCO CAIXA DIREÇÃO;CASCO CAIXA DIREÇÃO;0;;
292;0486;12.16.5200;0486;12.16.5200;CATEGORIA0;;1;1;0;1;;CASCO CAIXA DIREÇÃO;CASCO CAIXA DIREÇÃO;0;;
292;0486;12.16.5370;0486;12.16.5370;CATEGORIA0;;1;1;0;1;;CASCO CAIXA DIREÇÃO;CASCO CAIXA DIREÇÃO;0;;
292;0486;12.16.5380;0486;12.16.5380;CATEGORIA0;;1;1;0;1;;CASCO CAIXA DIREÇÃO;CASCO CAIXA DIREÇÃO;0;;
292;0486;12.16.5390;0486;12.16.5390;CATEGORIA0;;1;1;0;1;;CASCO CAIXA DIREÇÃO;CASCO CAIXA DIREÇÃO;0;;
292;0486;12.16.5400;0486;12.16.5400;CATEGORIA0;;1;1;0;1;;CASCO CAIXA DIREÇÃO;CASCO CAIXA DIREÇÃO;0;;
292;0486;12.19.2500;0486;12.19.2500;CATEGORIA0;;1;1;0;1;;CASCO CAIXA DIREÇÃO;CASCO CAIXA DIREÇÃO;0;;
292;0486;12.20.0500;0486;12.20.0500;CATEGORIA0;;1;1;0;1;;CASCO CAIXA DIREÇÃO;CASCO CAIXA DIREÇÃO;0;;
292;0486;12.24.1000;0486;12.24.1000;CATEGORIA0;;1;1;0;1;;CASCO CAIXA DIREÇÃO;CASCO CAIXA DIREÇÃO;0;;
292;0486;12.24.1200;0486;12.24.1200;CATEGORIA0;;1;1;0;1;;CASCO CAIXA DIREÇÃO;CASCO CAIXA DIREÇÃO;0;;
292;0486;12.24.1300;0486;12.24.1300;CATEGORIA0;;1;1;0;1;;CASCO CAIXA DIREÇÃO;CASCO CAIXA DIREÇÃO;0;;
292;0486;12.26.3800;0486;12.26.3800;CATEGORIA0;;1;1;0;1;;CASCO CAIXA DIREÇÃO;CASCO CAIXA DIREÇÃO;0;;
292;0486;12.26.3805;0486;12.26.3805;CATEGORIA0;;1;1;0;1;;CASCO CAIXA DIREÇÃO;CASCO CAIXA DIREÇÃO;0;;
292;0486;12.26.4100;0486;12.26.4100;CATEGORIA0;;1;1;0;1;;CASCO CAIXA DIREÇÃO;CASCO CAIXA DIREÇÃO;0;;
292;0486;12.26.4900;0486;12.26.4900;CATEGORIA0;;1;1;0;1;;CASCO CAIXA DIREÇÃO;CASCO CAIXA DIREÇÃO;0;;
292;0486;12.26.5100;0486;12.26.5100;CATEGORIA0;;1;1;0;1;;CASCO CAIXA DIREÇÃO;CASCO CAIXA DIREÇÃO;0;;
292;0486;12.26.5300;0486;12.26.5300;CATEGORIA0;;1;1;0;1;;CASCO CAIXA DIREÇÃO;CASCO CAIXA DIREÇÃO;0;;
292;0486;12.26.5305;0486;12.26.5305;CATEGORIA0;;1;1;0;1;;CASCO CAIXA DIREÇÃO;CASCO CAIXA DIREÇÃO;0;;
292;0486;12.26.5500;0486;12.26.5500;CATEGORIA0;;1;1;0;1;;CASCO CAIXA DIREÇÃO;CASCO CAIXA DIREÇÃO;0;;
292;0486;12.26.5800;0486;12.26.5800;CATEGORIA0;;1;1;0;1;;CASCO CAIXA DIREÇÃO;CASCO CAIXA DIREÇÃO;0;;
292;0486;12.28.1200;0486;12.28.1200;CATEGORIA0;;1;1;0;1;;CASCO CAIXA DIREÇÃO;CASCO CAIXA DIREÇÃO;0;;
292;0486;12.28.1250;0486;12.28.1250;CATEGORIA0;;1;1;0;1;;CASCO CAIXA DIREÇÃO;CASCO CAIXA DIREÇÃO;0;;
292;0486;12.28.1275;0486;12.28.1275;CATEGORIA0;;1;1;0;1;;CASCO CAIXA DIREÇÃO;CASCO CAIXA DIREÇÃO;0;;
292;0486;12.28.1300;0486;12.28.1300;CATEGORIA0;;1;1;0;1;;CASCO CAIXA DIREÇÃO;CASCO CAIXA DIREÇÃO;0;;
292;0486;12.28.1310;0486;12.28.1310;CATEGORIA0;;1;1;0;1;;CASCO CAIXA DIREÇÃO;CASCO CAIXA DIREÇÃO;0;;
292;0486;12.28.1360;0486;12.28.1360;CATEGORIA0;;1;1;0;1;;CASCO CAIXA DIREÇÃO;CASCO CAIXA DIREÇÃO;0;;
292;0486;12.28.1370;0486;12.28.1370;CATEGORIA0;;1;1;0;1;;CASCO CAIXA DIREÇÃO;CASCO CAIXA DIREÇÃO;0;;
292;0486;12.28.1380;0486;12.28.1380;CATEGORIA0;;1;1;0;1;;CASCO CAIXA DIREÇÃO;CASCO CAIXA DIREÇÃO;0;;
292;0486;12.28.1390;0486;12.28.1390;CATEGORIA0;;1;1;0;1;;CASCO CAIXA DIREÇÃO;CASCO CAIXA DIREÇÃO;0;;
292;0486;12.28.1425;0486;12.28.1425;CATEGORIA0;;1;1;0;1;;CASCO CAIXA DIREÇÃO;CASCO CAIXA DIREÇÃO;0;;
292;0486;12.28.1450;0486;12.28.1450;CATEGORIA0;;1;1;0;1;;CASCO CAIXA DIREÇÃO;CASCO CAIXA DIREÇÃO;0;;
292;0486;12.28.1475;0486;12.28.1475;CATEGORIA0;;1;1;0;1;;CASCO CAIXA DIREÇÃO;CASCO CAIXA DIREÇÃO;0;;
292;0486;12.28.1500;0486;12.28.1500;CATEGORIA0;;1;1;0;1;;CASCO CAIXA DIREÇÃO;CASCO CAIXA DIREÇÃO;0;;
292;0486;12.28.1550;0486;12.28.1550;CATEGORIA0;;1;1;0;1;;CASCO CAIXA DIREÇÃO;CASCO CAIXA DIREÇÃO;0;;
292;0486;12.28.1552;0486;12.28.1552;CATEGORIA0;;1;1;0;1;;CASCO CAIXA DIREÇÃO;CASCO CAIXA DIREÇÃO;0;;
292;0486;12.33.0100;0486;12.33.0100;CATEGORIA0;;1;1;0;1;;CASCO CAIXA DIREÇÃO;CASCO CAIXA DIREÇÃO;0;;
292;0486;12.33.0300;0486;12.33.0300;CATEGORIA0;;1;1;0;1;;CASCO CAIXA DIREÇÃO;CASCO CAIXA DIREÇÃO;0;;
292;0486;12.33.3100;0486;12.33.3100;CATEGORIA0;;1;1;0;1;;CASCO CAIXA DIREÇÃO;CASCO CAIXA DIREÇÃO;0;;
292;0486;12.35.3500;0486;12.35.3500;CATEGORIA0;;1;1;0;1;;CASCO CAIXA DIREÇÃO;CASCO CAIXA DIREÇÃO;0;;
292;0486;12.39.3100;0486;12.39.3100;CATEGORIA0;;1;1;0;1;;CASCO CAIXA DIREÇÃO;CASCO CAIXA DIREÇÃO;0;;
292;0486;12.41.1000;0486;12.41.1000;CATEGORIA0;;1;1;0;1;;CASCO CAIXA DIREÇÃO;CASCO CAIXA DIREÇÃO;0;;
292;0486;12.48.5900;0486;12.48.5900;CATEGORIA0;;1;1;0;1;;CASCO CAIXA DIREÇÃO;CASCO CAIXA DIREÇÃO;0;;
292;0486;12.48.5905;0486;12.48.5905;CATEGORIA0;;1;1;0;1;;CASCO CAIXA DIREÇÃO;CASCO CAIXA DIREÇÃO;0;;
292;0486;12.48.5920;0486;12.48.5920;CATEGORIA0;;1;1;0;1;;CASCO CAIXA DIREÇÃO;CASCO CAIXA DIREÇÃO;0;;
292;0486;12.48.6000;0486;12.48.6000;CATEGORIA0;;1;1;0;1;;CASCO CAIXA DIREÇÃO;CASCO CAIXA DIREÇÃO;0;;
292;0486;12.52.1000;0486;12.52.1000;CATEGORIA0;;1;1;0;1;;CASCO CAIXA DIREÇÃO;CASCO CAIXA DIREÇÃO;0;;
292;0486;12.53.3000;0486;12.53.3000;CATEGORIA0;;1;1;0;1;;CASCO CAIXA DIREÇÃO;CASCO CAIXA DIREÇÃO;0;;
292;0486;12.58.0500;0486;12.58.0500;CATEGORIA0;;1;1;0;1;;CASCO CAIXA DIREÇÃO;CASCO CAIXA DIREÇÃO;0;;
292;0486;12.58.1400;0486;12.58.1400;CATEGORIA0;;1;1;0;1;;CASCO CAIXA DIREÇÃO;CASCO CAIXA DIREÇÃO;0;;
292;0486;12.60.3000;0486;12.60.3000;CATEGORIA0;;1;1;0;1;;CASCO CAIXA DIREÇÃO;CASCO CAIXA DIREÇÃO;0;;
292;0486;12.60.5000;0486;12.60.5000;CATEGORIA0;;1;1;0;1;;CASCO CAIXA DIREÇÃO;CASCO CAIXA DIREÇÃO;0;;
292;0486;12.60.5050;0486;12.60.5050;CATEGORIA0;;1;1;0;1;;CASCO CAIXA DIREÇÃO;CASCO CAIXA DIREÇÃO;0;;
292;0486;12.60.5060;0486;12.60.5060;CATEGORIA0;;1;1;0;1;;CASCO CAIXA DIREÇÃO;CASCO CAIXA DIREÇÃO;0;;
292;0486;12.60.7000;0486;12.60.7000;CATEGORIA0;;1;1;0;1;;CASCO CAIXA DIREÇÃO;CASCO CAIXA DIREÇÃO;0;;
292;0486;12.60.8000;0486;12.60.8000;CATEGORIA0;;1;1;0;1;;CASCO CAIXA DIREÇÃO;CASCO CAIXA DIREÇÃO;0;;
292;0486;12.62.1250;0486;12.62.1250;CATEGORIA0;;1;1;0;1;;CASCO CAIXA DIREÇÃO;CASCO CAIXA DIREÇÃO;0;;
292;0486;12.62.1260;0486;12.62.1260;CATEGORIA0;;1;1;0;1;;CASCO CAIXA DIREÇÃO;CASCO CAIXA DIREÇÃO;0;;
292;0486;12.62.1400;0486;12.62.1400;CATEGORIA0;;1;1;0;1;;CASCO CAIXA DIREÇÃO;CASCO CAIXA DIREÇÃO;0;;
292;0486;12.62.1450;0486;12.62.1450;CATEGORIA0;;1;1;0;1;;CASCO CAIXA DIREÇÃO;CASCO CAIXA DIREÇÃO;0;;
292;0486;12.62.1520;0486;12.62.1520;CATEGORIA0;;1;1;0;1;;CASCO CAIXA DIREÇÃO;CASCO CAIXA DIREÇÃO;0;;
292;0486;12.62.1530;0486;12.62.1530;CATEGORIA0;;1;1;0;1;;CASCO CAIXA DIREÇÃO;CASCO CAIXA DIREÇÃO;0;;
292;0486;12.62.1600;0486;12.62.1600;CATEGORIA0;;1;1;0;1;;CASCO CAIXA DIREÇÃO;CASCO CAIXA DIREÇÃO;0;;
292;0486;12.62.1700;0486;12.62.1700;CATEGORIA0;;1;1;0;1;;CASCO CAIXA DIREÇÃO;CASCO CAIXA DIREÇÃO;0;;
292;0486;12.64.4550;0486;12.64.4550;CATEGORIA0;;1;1;0;1;;CASCO CAIXA DIREÇÃO;CASCO CAIXA DIREÇÃO;0;;
292;0486;12.64.4625;0486;12.64.4625;CATEGORIA0;;1;1;0;1;;CASCO CAIXA DIREÇÃO;CASCO CAIXA DIREÇÃO;0;;
292;0486;12.64.4670;0486;12.64.4670;CATEGORIA0;;1;1;0;1;;CASCO CAIXA DIREÇÃO;CASCO CAIXA DIREÇÃO;0;;
292;0486;12.64.4725;0486;12.64.4725;CATEGORIA0;;1;1;0;1;;CASCO CAIXA DIREÇÃO;CASCO CAIXA DIREÇÃO;0;;
292;0486;12.64.4730;0486;12.64.4730;CATEGORIA0;;1;1;0;1;;CASCO CAIXA DIREÇÃO;CASCO CAIXA DIREÇÃO;0;;
292;0486;12.64.4735;0486;12.64.4735;CATEGORIA0;;1;1;0;1;;CASCO CAIXA DIREÇÃO;CASCO CAIXA DIREÇÃO;0;;
292;0486;12.64.4740;0486;12.64.4740;CATEGORIA0;;1;1;0;1;;CASCO CAIXA DIREÇÃO;CASCO CAIXA DIREÇÃO;0;;
292;0486;12.64.4760;0486;12.64.4760;CATEGORIA0;;1;1;0;1;;CASCO CAIXA DIREÇÃO;CASCO CAIXA DIREÇÃO;0;;
292;0486;12.64.4770;0486;12.64.4770;CATEGORIA0;;1;1;0;1;;CASCO CAIXA DIREÇÃO;CASCO CAIXA DIREÇÃO;0;;
292;0486;12.64.4780;0486;12.64.4780;CATEGORIA0;;1;1;0;1;;CASCO CAIXA DIREÇÃO;CASCO CAIXA DIREÇÃO;0;;
292;0486;12.64.4785;0486;12.64.4785;CATEGORIA0;;1;1;0;1;;CASCO CAIXA DIREÇÃO;CASCO CAIXA DIREÇÃO;0;;
292;0486;12.64.4790;0486;12.64.4790;CATEGORIA0;;1;1;0;1;;CASCO CAIXA DIREÇÃO;CASCO CAIXA DIREÇÃO;0;;
292;0486;12.64.5190;0486;12.64.5190;CATEGORIA0;;1;1;0;1;;CASCO CAIXA DIREÇÃO;CASCO CAIXA DIREÇÃO;0;;
292;0486;12.64.5380;0486;12.64.5380;CATEGORIA0;;1;1;0;1;;CASCO CAIXA DIREÇÃO;CASCO CAIXA DIREÇÃO;0;;
292;0486;12.68.6600;0486;12.68.6600;CATEGORIA0;;1;1;0;1;;CASCO CAIXA DIREÇÃO;CASCO CAIXA DIREÇÃO;0;;
292;0486;12.68.6700;0486;12.68.6700;CATEGORIA0;;1;1;0;1;;CASCO CAIXA DIREÇÃO;CASCO CAIXA DIREÇÃO;0;;
292;0486;12.68.6800;0486;12.68.6800;CATEGORIA0;;1;1;0;1;;CASCO CAIXA DIREÇÃO;CASCO CAIXA DIREÇÃO;0;;
292;0486;12.68.7000;0486;12.68.7000;CATEGORIA0;;1;1;0;1;;CASCO CAIXA DIREÇÃO;CASCO CAIXA DIREÇÃO;0;;
292;0486;12.68.7100;0486;12.68.7100;CATEGORIA0;;1;1;0;1;;CASCO CAIXA DIREÇÃO;CASCO CAIXA DIREÇÃO;0;;
292;0486;12.70.0250;0486;12.70.0250;CATEGORIA0;;1;1;0;1;;CASCO CAIXA DIREÇÃO;CASCO CAIXA DIREÇÃO;0;;
292;0486;12.70.0260;0486;12.70.0260;CATEGORIA0;;1;1;0;1;;CASCO CAIXA DIREÇÃO;CASCO CAIXA DIREÇÃO;0;;
292;0486;12.70.0270;0486;12.70.0270;CATEGORIA0;;1;1;0;1;;CASCO CAIXA DIREÇÃO;CASCO CAIXA DIREÇÃO;0;;
292;0486;12.70.0300;0486;12.70.0300;CATEGORIA0;;1;1;0;1;;CASCO CAIXA DIREÇÃO;CASCO CAIXA DIREÇÃO;0;;
292;0486;12.70.0310;0486;12.70.0310;CATEGORIA0;;1;1;0;1;;CASCO CAIXA DIREÇÃO;CASCO CAIXA DIREÇÃO;0;;
292;0486;12.70.0320;0486;12.70.0320;CATEGORIA0;;1;1;0;1;;CASCO CAIXA DIREÇÃO;CASCO CAIXA DIREÇÃO;0;;
292;0486;12.70.0330;0486;12.70.0330;CATEGORIA0;;1;1;0;1;;CASCO CAIXA DIREÇÃO;CASCO CAIXA DIREÇÃO;0;;
292;0486;12.70.0400;0486;12.70.0400;CATEGORIA0;;1;1;0;1;;CASCO CAIXA DIREÇÃO;CASCO CAIXA DIREÇÃO;0;;
292;0486;12.70.0500;0486;12.70.0500;CATEGORIA0;;1;1;0;1;;CASCO CAIXA DIREÇÃO;CASCO CAIXA DIREÇÃO;0;;
292;0486;12.70.0520;0486;12.70.0520;CATEGORIA0;;1;1;0;1;;CASCO CAIXA DIREÇÃO;CASCO CAIXA DIREÇÃO;0;;
292;0486;12.70.0540;0486;12.70.0540;CATEGORIA0;;1;1;0;1;;CASCO CAIXA DIREÇÃO;CASCO CAIXA DIREÇÃO;0;;
292;0486;12.70.0600;0486;12.70.0600;CATEGORIA0;;1;1;0;1;;CASCO CAIXA DIREÇÃO;CASCO CAIXA DIREÇÃO;0;;
292;0486;12.70.0630;0486;12.70.0630;CATEGORIA0;;1;1;0;1;;CASCO CAIXA DIREÇÃO;CASCO CAIXA DIREÇÃO;0;;
292;0486;12.70.0640;0486;12.70.0640;CATEGORIA0;;1;1;0;1;;CASCO CAIXA DIREÇÃO;CASCO CAIXA DIREÇÃO;0;;
292;0486;12.70.0650;0486;12.70.0650;CATEGORIA0;;1;1;0;1;;CASCO CAIXA DIREÇÃO;CASCO CAIXA DIREÇÃO;0;;
292;0486;12.70.0680;0486;12.70.0680;CATEGORIA0;;1;1;0;1;;CASCO CAIXA DIREÇÃO;CASCO CAIXA DIREÇÃO;0;;
292;0486;12.70.0710;0486;12.70.0710;CATEGORIA0;;1;1;0;1;;CASCO CAIXA DIREÇÃO;CASCO CAIXA DIREÇÃO;0;;
292;0486;12.70.0720;0486;12.70.0720;CATEGORIA0;;1;1;0;1;;CASCO CAIXA DIREÇÃO;CASCO CAIXA DIREÇÃO;0;;
292;0486;12.70.0730;0486;12.70.0730;CATEGORIA0;;1;1;0;1;;CASCO CAIXA DIREÇÃO;CASCO CAIXA DIREÇÃO;0;;
292;0486;12.70.0800;0486;12.70.0800;CATEGORIA0;;1;1;0;1;;CASCO CAIXA DIREÇÃO;CASCO CAIXA DIREÇÃO;0;;
292;0486;12.70.0900;0486;12.70.0900;CATEGORIA0;;1;1;0;1;;CASCO CAIXA DIREÇÃO;CASCO CAIXA DIREÇÃO;0;;
292;0486;12.70.0910;0486;12.70.0910;CATEGORIA0;;1;1;0;1;;CASCO CAIXA DIREÇÃO;CASCO CAIXA DIREÇÃO;0;;
292;0486;12.70.0915;0486;12.70.0915;CATEGORIA0;;1;1;0;1;;CASCO CAIXA DIREÇÃO;CASCO CAIXA DIREÇÃO;0;;
292;0486;12.70.0930;0486;12.70.0930;CATEGORIA0;;1;1;0;1;;CASCO CAIXA DIREÇÃO;CASCO CAIXA DIREÇÃO;0;;
292;0486;12.70.0935;0486;12.70.0935;CATEGORIA0;;1;1;0;1;;CASCO CAIXA DIREÇÃO;CASCO CAIXA DIREÇÃO;0;;
292;0486;12.70.0940;0486;12.70.0940;CATEGORIA0;;1;1;0;1;;CASCO CAIXA DIREÇÃO;CASCO CAIXA DIREÇÃO;0;;
292;0486;12.70.0950;0486;12.70.0950;CATEGORIA0;;1;1;0;1;;CASCO CAIXA DIREÇÃO;CASCO CAIXA DIREÇÃO;0;;
292;0486;12.70.1000;0486;12.70.1000;CATEGORIA0;;1;1;0;1;;CASCO CAIXA DIREÇÃO;CASCO CAIXA DIREÇÃO;0;;
292;0486;12.70.1010;0486;12.70.1010;CATEGORIA0;;1;1;0;1;;CASCO CAIXA DIREÇÃO;CASCO CAIXA DIREÇÃO;0;;
292;0486;12.70.1100;0486;12.70.1100;CATEGORIA0;;1;1;0;1;;CASCO CAIXA DIREÇÃO;CASCO CAIXA DIREÇÃO;0;;
292;0486;12.70.1110;0486;12.70.1110;CATEGORIA0;;1;1;0;1;;CASCO CAIXA DIREÇÃO;CASCO CAIXA DIREÇÃO;0;;
292;0486;12.70.1200;0486;12.70.1200;CATEGORIA0;;1;1;0;1;;CASCO CAIXA DIREÇÃO;CASCO CAIXA DIREÇÃO;0;;
292;0486;12.70.1205;0486;12.70.1205;CATEGORIA0;;1;1;0;1;;CASCO CAIXA DIREÇÃO;CASCO CAIXA DIREÇÃO;0;;
292;0486;12.70.1210;0486;12.70.1210;CATEGORIA0;;1;1;0;1;;CASCO CAIXA DIREÇÃO;CASCO CAIXA DIREÇÃO;0;;
292;0486;12.70.3000;0486;12.70.3000;CATEGORIA0;;1;1;0;1;;CASCO CAIXA DIREÇÃO;CASCO CAIXA DIREÇÃO;0;;
292;0486;12.70.3500;0486;12.70.3500;CATEGORIA0;;1;1;0;1;;CASCO CAIXA DIREÇÃO;CASCO CAIXA DIREÇÃO;0;;
292;0486;12.74.1800;0486;12.74.1800;CATEGORIA0;;1;1;0;1;;CASCO CAIXA DIREÇÃO;CASCO CAIXA DIREÇÃO;0;;
292;0486;12.74.1900;0486;12.74.1900;CATEGORIA0;;1;1;0;1;;CASCO CAIXA DIREÇÃO;CASCO CAIXA DIREÇÃO;0;;
292;0486;12.74.1915;0486;12.74.1915;CATEGORIA0;;1;1;0;1;;CASCO CAIXA DIREÇÃO;CASCO CAIXA DIREÇÃO;0;;
292;0486;12.74.1950;0486;12.74.1950;CATEGORIA0;;1;1;0;1;;CASCO CAIXA DIREÇÃO;CASCO CAIXA DIREÇÃO;0;;
292;0486;12.74.2000;0486;12.74.2000;CATEGORIA0;;1;1;0;1;;CASCO CAIXA DIREÇÃO;CASCO CAIXA DIREÇÃO;0;;
292;0486;12.74.2025;0486;12.74.2025;CATEGORIA0;;1;1;0;1;;CASCO CAIXA DIREÇÃO;CASCO CAIXA DIREÇÃO;0;;
292;0486;12.74.2040;0486;12.74.2040;CATEGORIA0;;1;1;0;1;;CASCO CAIXA DIREÇÃO;CASCO CAIXA DIREÇÃO;0;;
292;0486;12.74.2250;0486;12.74.2250;CATEGORIA0;;1;1;0;1;;CASCO CAIXA DIREÇÃO;CASCO CAIXA DIREÇÃO;0;;
292;0486;12.74.2500;0486;12.74.2500;CATEGORIA0;;1;1;0;1;;CASCO CAIXA DIREÇÃO;CASCO CAIXA DIREÇÃO;0;;
292;0486;12.74.3000;0486;12.74.3000;CATEGORIA0;;1;1;0;1;;CASCO CAIXA DIREÇÃO;CASCO CAIXA DIREÇÃO;0;;
292;0486;12.78.4100;0486;12.78.4100;CATEGORIA0;;1;1;0;1;;CASCO CAIXA DIREÇÃO;CASCO CAIXA DIREÇÃO;0;;
292;0486;12.78.4200;0486;12.78.4200;CATEGORIA0;;1;1;0;1;;CASCO CAIXA DIREÇÃO;CASCO CAIXA DIREÇÃO;0;;
292;0486;12.78.4210;0486;12.78.4210;CATEGORIA0;;1;1;0;1;;CASCO CAIXA DIREÇÃO;CASCO CAIXA DIREÇÃO;0;;
292;0486;12.78.4220;0486;12.78.4220;CATEGORIA0;;1;1;0;1;;CASCO CAIXA DIREÇÃO;CASCO CAIXA DIREÇÃO;0;;
292;0486;12.78.4300;0486;12.78.4300;CATEGORIA0;;1;1;0;1;;CASCO CAIXA DIREÇÃO;CASCO CAIXA DIREÇÃO;0;;
292;0486;12.78.4450;0486;12.78.4450;CATEGORIA0;;1;1;0;1;;CASCO CAIXA DIREÇÃO;CASCO CAIXA DIREÇÃO;0;;
292;0486;12.78.5100;0486;12.78.5100;CATEGORIA0;;1;1;0;1;;CASCO CAIXA DIREÇÃO;CASCO CAIXA DIREÇÃO;0;;
292;0486;12.78.5150;0486;12.78.5150;CATEGORIA0;;1;1;0;1;;CASCO CAIXA DIREÇÃO;CASCO CAIXA DIREÇÃO;0;;
292;0486;12.78.5300;0486;12.78.5300;CATEGORIA0;;1;1;0;1;;CASCO CAIXA DIREÇÃO;CASCO CAIXA DIREÇÃO;0;;
292;0486;12.78.5350;0486;12.78.5350;CATEGORIA0;;1;1;0;1;;CASCO CAIXA DIREÇÃO;CASCO CAIXA DIREÇÃO;0;;
292;0486;12.78.6000;0486;12.78.6000;CATEGORIA0;;1;1;0;1;;CASCO CAIXA DIREÇÃO;CASCO CAIXA DIREÇÃO;0;;
292;0486;12.80.2100;0486;12.80.2100;CATEGORIA0;;1;1;0;1;;CASCO CAIXA DIREÇÃO;CASCO CAIXA DIREÇÃO;0;;
292;0486;12.80.2105;0486;12.80.2105;CATEGORIA0;;1;1;0;1;;CASCO CAIXA DIREÇÃO;CASCO CAIXA DIREÇÃO;0;;
292;0486;12.81.1000;0486;12.81.1000;CATEGORIA0;;1;1;0;1;;CASCO CAIXA DIREÇÃO;CASCO CAIXA DIREÇÃO;0;;
292;0486;12.87.2150;0486;12.87.2150;CATEGORIA0;;1;1;0;1;;CASCO CAIXA DIREÇÃO;CASCO CAIXA DIREÇÃO;0;;
292;0486;12.87.2155;0486;12.87.2155;CATEGORIA0;;1;1;0;1;;CASCO CAIXA DIREÇÃO;CASCO CAIXA DIREÇÃO;0;;
292;0486;12.87.3500;0486;12.87.3500;CATEGORIA0;;1;1;0;1;;CASCO CAIXA DIREÇÃO;CASCO CAIXA DIREÇÃO;0;;
292;0486;12.91.5100;0486;12.91.5100;CATEGORIA0;;1;1;0;1;;CASCO CAIXA DIREÇÃO;CASCO CAIXA DIREÇÃO;0;;
292;0486;12.91.5200;0486;12.91.5200;CATEGORIA0;;1;1;0;1;;CASCO CAIXA DIREÇÃO;CASCO CAIXA DIREÇÃO;0;;
292;0486;12.91.5300;0486;12.91.5300;CATEGORIA0;;1;1;0;1;;CASCO CAIXA DIREÇÃO;CASCO CAIXA DIREÇÃO;0;;
292;0486;12.91.5450;0486;12.91.5450;CATEGORIA0;;1;1;0;1;;CASCO CAIXA DIREÇÃO;CASCO CAIXA DIREÇÃO;0;;
292;0486;12.91.5460;0486;12.91.5460;CATEGORIA0;;1;1;0;1;;CASCO CAIXA DIREÇÃO;CASCO CAIXA DIREÇÃO;0;;
292;0486;12.91.5470;0486;12.91.5470;CATEGORIA0;;1;1;0;1;;CASCO CAIXA DIREÇÃO;CASCO CAIXA DIREÇÃO;0;;
292;0486;12.93.2500;0486;12.93.2500;CATEGORIA0;;1;1;0;1;;CASCO CAIXA DIREÇÃO;CASCO CAIXA DIREÇÃO;0;;
292;0486;12.93.2600;0486;12.93.2600;CATEGORIA0;;1;1;0;1;;CASCO CAIXA DIREÇÃO;CASCO CAIXA DIREÇÃO;0;;
292;0486;12.93.3000;0486;12.93.3000;CATEGORIA0;;1;1;0;1;;CASCO CAIXA DIREÇÃO;CASCO CAIXA DIREÇÃO;0;;
292;0486;12.93.4000;0486;12.93.4000;CATEGORIA0;;1;1;0;1;;CASCO CAIXA DIREÇÃO;CASCO CAIXA DIREÇÃO;0;;
292;0486;12.94.1200;0486;12.94.1200;CATEGORIA0;;1;1;0;1;;CASCO CAIXA DIREÇÃO;CASCO CAIXA DIREÇÃO;0;;
292;0486;12.94.2000;0486;12.94.2000;CATEGORIA0;;1;1;0;1;;CASCO CAIXA DIREÇÃO;CASCO CAIXA DIREÇÃO;0;;
292;0486;12.96.3990;0486;12.96.3990;CATEGORIA0;;1;1;0;1;;CASCO CAIXA DIREÇÃO;CASCO CAIXA DIREÇÃO;0;;
292;0486;12.96.4400;0486;12.96.4400;CATEGORIA0;;1;1;0;1;;CASCO CAIXA DIREÇÃO;CASCO CAIXA DIREÇÃO;0;;
292;0486;12.96.4410;0486;12.96.4410;CATEGORIA0;;1;1;0;1;;CASCO CAIXA DIREÇÃO;CASCO CAIXA DIREÇÃO;0;;
292;0486;12.96.4420;0486;12.96.4420;CATEGORIA0;;1;1;0;1;;CASCO CAIXA DIREÇÃO;CASCO CAIXA DIREÇÃO;0;;
292;0486;12.96.4450;0486;12.96.4450;CATEGORIA0;;1;1;0;1;;CASCO CAIXA DIREÇÃO;CASCO CAIXA DIREÇÃO;0;;
292;0486;12.96.4475;0486;12.96.4475;CATEGORIA0;;1;1;0;1;;CASCO CAIXA DIREÇÃO;CASCO CAIXA DIREÇÃO;0;;
292;0486;12.96.4500;0486;12.96.4500;CATEGORIA0;;1;1;0;1;;CASCO CAIXA DIREÇÃO;CASCO CAIXA DIREÇÃO;0;;
292;0486;12.96.5500;0486;12.96.5500;CATEGORIA0;;1;1;0;1;;CASCO CAIXA DIREÇÃO;CASCO CAIXA DIREÇÃO;0;;
292;0486;12.96.5700;0486;12.96.5700;CATEGORIA0;;1;1;0;1;;CASCO CAIXA DIREÇÃO;CASCO CAIXA DIREÇÃO;0;;
292;0486;12.96.5710;0486;12.96.5710;CATEGORIA0;;1;1;0;1;;CASCO CAIXA DIREÇÃO;CASCO CAIXA DIREÇÃO;0;;
292;0486;12.96.5720;0486;12.96.5720;CATEGORIA0;;1;1;0;1;;CASCO CAIXA DIREÇÃO;CASCO CAIXA DIREÇÃO;0;;
292;0486;12.96.5910;0486;12.96.5910;CATEGORIA0;;1;1;0;1;;CASCO CAIXA DIREÇÃO;CASCO CAIXA DIREÇÃO;0;;
292;0486;12.96.5920;0486;12.96.5920;CATEGORIA0;;1;1;0;1;;CASCO CAIXA DIREÇÃO;CASCO CAIXA DIREÇÃO;0;;
292;0486;12.98.3100;0486;12.98.3100;CATEGORIA0;;1;1;0;1;;CASCO CAIXA DIREÇÃO;CASCO CAIXA DIREÇÃO;0;;
292;0486;12.98.3200;0486;12.98.3200;CATEGORIA0;;1;1;0;1;;CASCO CAIXA DIREÇÃO;CASCO CAIXA DIREÇÃO;0;;
292;0486;12.98.3300;0486;12.98.3300;CATEGORIA0;;1;1;0;1;;CASCO CAIXA DIREÇÃO;CASCO CAIXA DIREÇÃO;0;;
292;0486;12.98.3500;0486;12.98.3500;CATEGORIA0;;1;1;0;1;;CASCO CAIXA DIREÇÃO;CASCO CAIXA DIREÇÃO;0;;
292;0486;13.01.2000;0486;13.01.2000;CATEGORIA0;;1;1;0;1;;CASCO CAIXA DIREÇÃO;CASCO CAIXA DIREÇÃO;0;;
292;0486;13.03.0500;0486;13.03.0500;CATEGORIA0;;1;1;0;1;;CASCO CAIXA DIREÇÃO;CASCO CAIXA DIREÇÃO;0;;
292;0486;13.04.1000;0486;13.04.1000;CATEGORIA0;;1;1;0;1;;CASCO CAIXA DIREÇÃO;CASCO CAIXA DIREÇÃO;0;;
292;0486;13.06.0500;0486;13.06.0500;CATEGORIA0;;1;1;0;1;;CASCO CAIXA DIREÇÃO;CASCO CAIXA DIREÇÃO;0;;
292;0486;13.09.1040;0486;13.09.1040;CATEGORIA0;;1;1;0;1;;CASCO CAIXA DIREÇÃO;CASCO CAIXA DIREÇÃO;0;;
292;0486;13.09.1050;0486;13.09.1050;CATEGORIA0;;1;1;0;1;;CASCO CAIXA DIREÇÃO;CASCO CAIXA DIREÇÃO;0;;
292;0486;13.09.1052;0486;13.09.1052;CATEGORIA0;;1;1;0;1;;CASCO CAIXA DIREÇÃO;CASCO CAIXA DIREÇÃO;0;;
292;0486;13.09.1054;0486;13.09.1054;CATEGORIA0;;1;1;0;1;;CASCO CAIXA DIREÇÃO;CASCO CAIXA DIREÇÃO;0;;
292;0486;13.09.1060;0486;13.09.1060;CATEGORIA0;;1;1;0;1;;CASCO CAIXA DIREÇÃO;CASCO CAIXA DIREÇÃO;0;;
292;0486;13.09.1065;0486;13.09.1065;CATEGORIA0;;1;1;0;1;;CASCO CAIXA DIREÇÃO;CASCO CAIXA DIREÇÃO;0;;
292;0486;13.09.1067;0486;13.09.1067;CATEGORIA0;;1;1;0;1;;CASCO CAIXA DIREÇÃO;CASCO CAIXA DIREÇÃO;0;;
292;0486;13.09.1070;0486;13.09.1070;CATEGORIA0;;1;1;0;1;;CASCO CAIXA DIREÇÃO;CASCO CAIXA DIREÇÃO;0;;
292;0486;13.09.1074;0486;13.09.1074;CATEGORIA0;;1;1;0;1;;CASCO CAIXA DIREÇÃO;CASCO CAIXA DIREÇÃO;0;;
292;0486;13.09.1075;0486;13.09.1075;CATEGORIA0;;1;1;0;1;;CASCO CAIXA DIREÇÃO;CASCO CAIXA DIREÇÃO;0;;
292;0486;13.09.1080;0486;13.09.1080;CATEGORIA0;;1;1;0;1;;CASCO CAIXA DIREÇÃO;CASCO CAIXA DIREÇÃO;0;;
292;0486;13.09.1090;0486;13.09.1090;CATEGORIA0;;1;1;0;1;;CASCO CAIXA DIREÇÃO;CASCO CAIXA DIREÇÃO;0;;
292;0486;13.09.2000;0486;13.09.2000;CATEGORIA0;;1;1;0;1;;CASCO CAIXA DIREÇÃO;CASCO CAIXA DIREÇÃO;0;;
292;0486;13.13.1000;0486;13.13.1000;CATEGORIA0;;1;1;0;1;;CASCO CAIXA DIREÇÃO;CASCO CAIXA DIREÇÃO;0;;
292;0486;13.13.1500;0486;13.13.1500;CATEGORIA0;;1;1;0;1;;CASCO CAIXA DIREÇÃO;CASCO CAIXA DIREÇÃO;0;;
292;0486;13.13.1510;0486;13.13.1510;CATEGORIA0;;1;1;0;1;;CASCO CAIXA DIREÇÃO;CASCO CAIXA DIREÇÃO;0;;
292;0486;13.14.1000;0486;13.14.1000;CATEGORIA0;;1;1;0;1;;CASCO CAIXA DIREÇÃO;CASCO CAIXA DIREÇÃO;0;;
292;0486;13.14.2000;0486;13.14.2000;CATEGORIA0;;1;1;0;1;;CASCO CAIXA DIREÇÃO;CASCO CAIXA DIREÇÃO;0;;
292;0486;13.17.1000;0486;13.17.1000;CATEGORIA0;;1;1;0;1;;CASCO CAIXA DIREÇÃO;CASCO CAIXA DIREÇÃO;0;;
292;0486;13.19.0100;0486;13.19.0100;CATEGORIA0;;1;1;0;1;;CASCO CAIXA DIREÇÃO;CASCO CAIXA DIREÇÃO;0;;
292;0486;13.19.0200;0486;13.19.0200;CATEGORIA0;;1;1;0;1;;CASCO CAIXA DIREÇÃO;CASCO CAIXA DIREÇÃO;0;;
292;0486;13.19.0300;0486;13.19.0300;CATEGORIA0;;1;1;0;1;;CASCO CAIXA DIREÇÃO;CASCO CAIXA DIREÇÃO;0;;
292;0486;13.20.0500;0486;13.20.0500;CATEGORIA0;;1;1;0;1;;CASCO CAIXA DIREÇÃO;CASCO CAIXA DIREÇÃO;0;;
292;0486;13.20.0700;0486;13.20.0700;CATEGORIA0;;1;1;0;1;;CASCO CAIXA DIREÇÃO;CASCO CAIXA DIREÇÃO;0;;
292;0486;13.22.0100;0486;13.22.0100;CATEGORIA0;;1;1;0;1;;CASCO CAIXA DIREÇÃO;CASCO CAIXA DIREÇÃO;0;;
292;0486;13.26.3000;0486;13.26.3000;CATEGORIA0;;1;1;0;1;;CASCO CAIXA DIREÇÃO;CASCO CAIXA DIREÇÃO;0;;
292;0486;13.28.1100;0486;13.28.1100;CATEGORIA0;;1;1;0;1;;CASCO CAIXA DIREÇÃO;CASCO CAIXA DIREÇÃO;0;;
292;0486;13.28.1200;0486;13.28.1200;CATEGORIA0;;1;1;0;1;;CASCO CAIXA DIREÇÃO;CASCO CAIXA DIREÇÃO;0;;
292;0486;13.28.2000;0486;13.28.2000;CATEGORIA0;;1;1;0;1;;CASCO CAIXA DIREÇÃO;CASCO CAIXA DIREÇÃO;0;;
292;0486;13.28.2100;0486;13.28.2100;CATEGORIA0;;1;1;0;1;;CASCO CAIXA DIREÇÃO;CASCO CAIXA DIREÇÃO;0;;
292;0486;13.30.1000;0486;13.30.1000;CATEGORIA0;;1;1;0;1;;CASCO CAIXA DIREÇÃO;CASCO CAIXA DIREÇÃO;0;;
292;0486;13.34.1000;0486;13.34.1000;CATEGORIA0;;1;1;0;1;;CASCO CAIXA DIREÇÃO;CASCO CAIXA DIREÇÃO;0;;
292;0486;13.35.1000;0486;13.35.1000;CATEGORIA0;;1;1;0;1;;CASCO CAIXA DIREÇÃO;CASCO CAIXA DIREÇÃO;0;;
292;0486;13.39.3000;0486;13.39.3000;CATEGORIA0;;1;1;0;1;;CASCO CAIXA DIREÇÃO;CASCO CAIXA DIREÇÃO;0;;
292;0486;13.39.3100;0486;13.39.3100;CATEGORIA0;;1;1;0;1;;CASCO CAIXA DIREÇÃO;CASCO CAIXA DIREÇÃO;0;;
292;0486;13.39.4000;0486;13.39.4000;CATEGORIA0;;1;1;0;1;;CASCO CAIXA DIREÇÃO;CASCO CAIXA DIREÇÃO;0;;
292;0486;13.39.5000;0486;13.39.5000;CATEGORIA0;;1;1;0;1;;CASCO CAIXA DIREÇÃO;CASCO CAIXA DIREÇÃO;0;;
292;0486;13.43.3100;0486;13.43.3100;CATEGORIA0;;1;1;0;1;;CASCO CAIXA DIREÇÃO;CASCO CAIXA DIREÇÃO;0;;
292;0486;13.43.3200;0486;13.43.3200;CATEGORIA0;;1;1;0;1;;CASCO CAIXA DIREÇÃO;CASCO CAIXA DIREÇÃO;0;;
292;0486;13.43.3500;0486;13.43.3500;CATEGORIA0;;1;1;0;1;;CASCO CAIXA DIREÇÃO;CASCO CAIXA DIREÇÃO;0;;
292;0486;13.43.3505;0486;13.43.3505;CATEGORIA0;;1;1;0;1;;CASCO CAIXA DIREÇÃO;CASCO CAIXA DIREÇÃO;0;;
292;0486;13.43.4000;0486;13.43.4000;CATEGORIA0;;1;1;0;1;;CASCO CAIXA DIREÇÃO;CASCO CAIXA DIREÇÃO;0;;
292;0486;13.43.4200;0486;13.43.4200;CATEGORIA0;;1;1;0;1;;CASCO CAIXA DIREÇÃO;CASCO CAIXA DIREÇÃO;0;;
292;0486;13.44.1000;0486;13.44.1000;CATEGORIA0;;1;1;0;1;;CASCO CAIXA DIREÇÃO;CASCO CAIXA DIREÇÃO;0;;
292;0486;13.44.1200;0486;13.44.1200;CATEGORIA0;;1;1;0;1;;CASCO CAIXA DIREÇÃO;CASCO CAIXA DIREÇÃO;0;;
292;0486;13.45.1000;0486;13.45.1000;CATEGORIA0;;1;1;0;1;;CASCO CAIXA DIREÇÃO;CASCO CAIXA DIREÇÃO;0;;
292;0486;13.49.0040;0486;13.49.0040;CATEGORIA0;;1;1;0;1;;CASCO CAIXA DIREÇÃO;CASCO CAIXA DIREÇÃO;0;;
292;0486;13.49.0050;0486;13.49.0050;CATEGORIA0;;1;1;0;1;;CASCO CAIXA DIREÇÃO;CASCO CAIXA DIREÇÃO;0;;
292;0486;13.49.0051;0486;13.49.0051;CATEGORIA0;;1;1;0;1;;CASCO CAIXA DIREÇÃO;CASCO CAIXA DIREÇÃO;0;;
292;0486;13.49.0055;0486;13.49.0055;CATEGORIA0;;1;1;0;1;;CASCO CAIXA DIREÇÃO;CASCO CAIXA DIREÇÃO;0;;
292;0486;13.49.0060;0486;13.49.0060;CATEGORIA0;;1;1;0;1;;CASCO CAIXA DIREÇÃO;CASCO CAIXA DIREÇÃO;0;;
292;0486;13.49.0070;0486;13.49.0070;CATEGORIA0;;1;1;0;1;;CASCO CAIXA DIREÇÃO;CASCO CAIXA DIREÇÃO;0;;
292;0486;13.49.0073;0486;13.49.0073;CATEGORIA0;;1;1;0;1;;CASCO CAIXA DIREÇÃO;CASCO CAIXA DIREÇÃO;0;;
292;0486;13.49.0075;0486;13.49.0075;CATEGORIA0;;1;1;0;1;;CASCO CAIXA DIREÇÃO;CASCO CAIXA DIREÇÃO;0;;
292;0486;13.49.0080;0486;13.49.0080;CATEGORIA0;;1;1;0;1;;CASCO CAIXA DIREÇÃO;CASCO CAIXA DIREÇÃO;0;;
292;0486;13.49.0085;0486;13.49.0085;CATEGORIA0;;1;1;0;1;;CASCO CAIXA DIREÇÃO;CASCO CAIXA DIREÇÃO;0;;
292;0486;13.50.1000;0486;13.50.1000;CATEGORIA0;;1;1;0;1;;CASCO CAIXA DIREÇÃO;CASCO CAIXA DIREÇÃO;0;;
292;0486;13.50.2000;0486;13.50.2000;CATEGORIA0;;1;1;0;1;;CASCO CAIXA DIREÇÃO;CASCO CAIXA DIREÇÃO;0;;
292;0486;13.53.5100;0486;13.53.5100;CATEGORIA0;;1;1;0;1;;CASCO CAIXA DIREÇÃO;CASCO CAIXA DIREÇÃO;0;;
292;0486;13.56.3050;0486;13.56.3050;CATEGORIA0;;1;1;0;1;;CASCO CAIXA DIREÇÃO;CASCO CAIXA DIREÇÃO;0;;
292;0486;13.56.3100;0486;13.56.3100;CATEGORIA0;;1;1;0;1;;CASCO CAIXA DIREÇÃO;CASCO CAIXA DIREÇÃO;0;;
292;0486;13.56.3200;0486;13.56.3200;CATEGORIA0;;1;1;0;1;;CASCO CAIXA DIREÇÃO;CASCO CAIXA DIREÇÃO;0;;
292;0486;13.56.3250;0486;13.56.3250;CATEGORIA0;;1;1;0;1;;CASCO CAIXA DIREÇÃO;CASCO CAIXA DIREÇÃO;0;;
292;0486;13.56.3400;0486;13.56.3400;CATEGORIA0;;1;1;0;1;;CASCO CAIXA DIREÇÃO;CASCO CAIXA DIREÇÃO;0;;
292;0486;13.56.3450;0486;13.56.3450;CATEGORIA0;;1;1;0;1;;CASCO CAIXA DIREÇÃO;CASCO CAIXA DIREÇÃO;0;;
292;0486;13.56.3500;0486;13.56.3500;CATEGORIA0;;1;1;0;1;;CASCO CAIXA DIREÇÃO;CASCO CAIXA DIREÇÃO;0;;
292;0486;13.56.3550;0486;13.56.3550;CATEGORIA0;;1;1;0;1;;CASCO CAIXA DIREÇÃO;CASCO CAIXA DIREÇÃO;0;;
292;0486;13.56.3600;0486;13.56.3600;CATEGORIA0;;1;1;0;1;;CASCO CAIXA DIREÇÃO;CASCO CAIXA DIREÇÃO;0;;
292;0486;13.56.3650;0486;13.56.3650;CATEGORIA0;;1;1;0;1;;CASCO CAIXA DIREÇÃO;CASCO CAIXA DIREÇÃO;0;;
292;0486;13.56.3660;0486;13.56.3660;CATEGORIA0;;1;1;0;1;;CASCO CAIXA DIREÇÃO;CASCO CAIXA DIREÇÃO;0;;
292;0486;13.56.3800;0486;13.56.3800;CATEGORIA0;;1;1;0;1;;CASCO CAIXA DIREÇÃO;CASCO CAIXA DIREÇÃO;0;;
292;0486;13.56.3850;0486;13.56.3850;CATEGORIA0;;1;1;0;1;;CASCO CAIXA DIREÇÃO;CASCO CAIXA DIREÇÃO;0;;
292;0486;13.56.4010;0486;13.56.4010;CATEGORIA0;;1;1;0;1;;CASCO CAIXA DIREÇÃO;CASCO CAIXA DIREÇÃO;0;;
292;0486;13.56.4100;0486;13.56.4100;CATEGORIA0;;1;1;0;1;;CASCO CAIXA DIREÇÃO;CASCO CAIXA DIREÇÃO;0;;
292;0486;13.56.6000;0486;13.56.6000;CATEGORIA0;;1;1;0;1;;CASCO CAIXA DIREÇÃO;CASCO CAIXA DIREÇÃO;0;;
292;0486;13.56.7000;0486;13.56.7000;CATEGORIA0;;1;1;0;1;;CASCO CAIXA DIREÇÃO;CASCO CAIXA DIREÇÃO;0;;
292;0486;13.58.1160;0486;13.58.1160;CATEGORIA0;;1;1;0;1;;CASCO CAIXA DIREÇÃO;CASCO CAIXA DIREÇÃO;0;;
292;0486;13.58.1170;0486;13.58.1170;CATEGORIA0;;1;1;0;1;;CASCO CAIXA DIREÇÃO;CASCO CAIXA DIREÇÃO;0;;
292;0486;13.58.1180;0486;13.58.1180;CATEGORIA0;;1;1;0;1;;CASCO CAIXA DIREÇÃO;CASCO CAIXA DIREÇÃO;0;;
292;0486;13.58.1185;0486;13.58.1185;CATEGORIA0;;1;1;0;1;;CASCO CAIXA DIREÇÃO;CASCO CAIXA DIREÇÃO;0;;
292;0486;13.58.1400;0486;13.58.1400;CATEGORIA0;;1;1;0;1;;CASCO CAIXA DIREÇÃO;CASCO CAIXA DIREÇÃO;0;;
292;0486;13.58.1410;0486;13.58.1410;CATEGORIA0;;1;1;0;1;;CASCO CAIXA DIREÇÃO;CASCO CAIXA DIREÇÃO;0;;
292;0486;13.58.1420;0486;13.58.1420;CATEGORIA0;;1;1;0;1;;CASCO CAIXA DIREÇÃO;CASCO CAIXA DIREÇÃO;0;;
292;0486;13.58.1500;0486;13.58.1500;CATEGORIA0;;1;1;0;1;;CASCO CAIXA DIREÇÃO;CASCO CAIXA DIREÇÃO;0;;
292;0486;13.60.0005;0486;13.60.0005;CATEGORIA0;;1;1;0;1;;CASCO CAIXA DIREÇÃO;CASCO CAIXA DIREÇÃO;0;;
292;0486;13.60.0010;0486;13.60.0010;CATEGORIA0;;1;1;0;1;;CASCO CAIXA DIREÇÃO;CASCO CAIXA DIREÇÃO;0;;
292;0486;13.60.0015;0486;13.60.0015;CATEGORIA0;;1;1;0;1;;CASCO CAIXA DIREÇÃO;CASCO CAIXA DIREÇÃO;0;;
292;0486;13.60.0040;0486;13.60.0040;CATEGORIA0;;1;1;0;1;;CASCO CAIXA DIREÇÃO;CASCO CAIXA DIREÇÃO;0;;
292;0486;13.60.0060;0486;13.60.0060;CATEGORIA0;;1;1;0;1;;CASCO CAIXA DIREÇÃO;CASCO CAIXA DIREÇÃO;0;;
292;0486;13.60.0070;0486;13.60.0070;CATEGORIA0;;1;1;0;1;;CASCO CAIXA DIREÇÃO;CASCO CAIXA DIREÇÃO;0;;
292;0486;13.60.0080;0486;13.60.0080;CATEGORIA0;;1;1;0;1;;CASCO CAIXA DIREÇÃO;CASCO CAIXA DIREÇÃO;0;;
292;0486;13.60.0081;0486;13.60.0081;CATEGORIA0;;1;1;0;1;;CASCO CAIXA DIREÇÃO;CASCO CAIXA DIREÇÃO;0;;
292;0486;13.60.0100;0486;13.60.0100;CATEGORIA0;;1;1;0;1;;CASCO CAIXA DIREÇÃO;CASCO CAIXA DIREÇÃO;0;;
292;0486;13.60.0115;0486;13.60.0115;CATEGORIA0;;1;1;0;1;;CASCO CAIXA DIREÇÃO;CASCO CAIXA DIREÇÃO;0;;
292;0486;13.60.0125;0486;13.60.0125;CATEGORIA0;;1;1;0;1;;CASCO CAIXA DIREÇÃO;CASCO CAIXA DIREÇÃO;0;;
292;0486;13.60.0135;0486;13.60.0135;CATEGORIA0;;1;1;0;1;;CASCO CAIXA DIREÇÃO;CASCO CAIXA DIREÇÃO;0;;
292;0486;13.60.0150;0486;13.60.0150;CATEGORIA0;;1;1;0;1;;CASCO CAIXA DIREÇÃO;CASCO CAIXA DIREÇÃO;0;;
292;0486;13.60.0154;0486;13.60.0154;CATEGORIA0;;1;1;0;1;;CASCO CAIXA DIREÇÃO;CASCO CAIXA DIREÇÃO;0;;
292;0486;13.60.0155;0486;13.60.0155;CATEGORIA0;;1;1;0;1;;CASCO CAIXA DIREÇÃO;CASCO CAIXA DIREÇÃO;0;;
292;0486;13.60.0156;0486;13.60.0156;CATEGORIA0;;1;1;0;1;;CASCO CAIXA DIREÇÃO;CASCO CAIXA DIREÇÃO;0;;
292;0486;13.60.0160;0486;13.60.0160;CATEGORIA0;;1;1;0;1;;CASCO CAIXA DIREÇÃO;CASCO CAIXA DIREÇÃO;0;;
292;0486;13.60.0200;0486;13.60.0200;CATEGORIA0;;1;1;0;1;;CASCO CAIXA DIREÇÃO;CASCO CAIXA DIREÇÃO;0;;
292;0486;13.60.0500;0486;13.60.0500;CATEGORIA0;;1;1;0;1;;CASCO CAIXA DIREÇÃO;CASCO CAIXA DIREÇÃO;0;;
292;0486;13.62.0060;0486;13.62.0060;CATEGORIA0;;1;1;0;1;;CASCO CAIXA DIREÇÃO;CASCO CAIXA DIREÇÃO;0;;
292;0486;13.62.0120;0486;13.62.0120;CATEGORIA0;;1;1;0;1;;CASCO CAIXA DIREÇÃO;CASCO CAIXA DIREÇÃO;0;;
292;0486;13.62.0240;0486;13.62.0240;CATEGORIA0;;1;1;0;1;;CASCO CAIXA DIREÇÃO;CASCO CAIXA DIREÇÃO;0;;
292;0486;13.62.0250;0486;13.62.0250;CATEGORIA0;;1;1;0;1;;CASCO CAIXA DIREÇÃO;CASCO CAIXA DIREÇÃO;0;;
292;0486;13.62.0252;0486;13.62.0252;CATEGORIA0;;1;1;0;1;;CASCO CAIXA DIREÇÃO;CASCO CAIXA DIREÇÃO;0;;
292;0486;13.62.0360;0486;13.62.0360;CATEGORIA0;;1;1;0;1;;CASCO CAIXA DIREÇÃO;CASCO CAIXA DIREÇÃO;0;;
292;0486;13.66.1000;0486;13.66.1000;CATEGORIA0;;1;1;0;1;;CASCO CAIXA DIREÇÃO;CASCO CAIXA DIREÇÃO;0;;
292;0486;13.72.1000;0486;13.72.1000;CATEGORIA0;;1;1;0;1;;CASCO CAIXA DIREÇÃO;CASCO CAIXA DIREÇÃO;0;;
292;0486;13.77.1000;0486;13.77.1000;CATEGORIA0;;1;1;0;1;;CASCO CAIXA DIREÇÃO;CASCO CAIXA DIREÇÃO;0;;
292;0486;13.83.0065;0486;13.83.0065;CATEGORIA0;;1;1;0;1;;CASCO CAIXA DIREÇÃO;CASCO CAIXA DIREÇÃO;0;;
292;0486;13.83.0066;0486;13.83.0066;CATEGORIA0;;1;1;0;1;;CASCO CAIXA DIREÇÃO;CASCO CAIXA DIREÇÃO;0;;
292;0486;13.87.1000;0486;13.87.1000;CATEGORIA0;;1;1;0;1;;CASCO CAIXA DIREÇÃO;CASCO CAIXA DIREÇÃO;0;;
292;0486;13.87.1005;0486;13.87.1005;CATEGORIA0;;1;1;0;1;;CASCO CAIXA DIREÇÃO;CASCO CAIXA DIREÇÃO;0;;
292;0486;13.87.1050;0486;13.87.1050;CATEGORIA0;;1;1;0;1;;CASCO CAIXA DIREÇÃO;CASCO CAIXA DIREÇÃO;0;;
292;0486;13.87.1051;0486;13.87.1051;CATEGORIA0;;1;1;0;1;;CASCO CAIXA DIREÇÃO;CASCO CAIXA DIREÇÃO;0;;
292;0486;13.87.1052;0486;13.87.1052;CATEGORIA0;;1;1;0;1;;CASCO CAIXA DIREÇÃO;CASCO CAIXA DIREÇÃO;0;;
292;0486;13.89.3150;0486;13.89.3150;CATEGORIA0;;1;1;0;1;;CASCO CAIXA DIREÇÃO;CASCO CAIXA DIREÇÃO;0;;
292;0486;13.89.3160;0486;13.89.3160;CATEGORIA0;;1;1;0;1;;CASCO CAIXA DIREÇÃO;CASCO CAIXA DIREÇÃO;0;;
292;0486;13.89.3200;0486;13.89.3200;CATEGORIA0;;1;1;0;1;;CASCO CAIXA DIREÇÃO;CASCO CAIXA DIREÇÃO;0;;
292;0486;13.93.0100;0486;13.93.0100;CATEGORIA0;;1;1;0;1;;CASCO CAIXA DIREÇÃO;CASCO CAIXA DIREÇÃO;0;;
292;0486;13.93.0105;0486;13.93.0105;CATEGORIA0;;1;1;0;1;;CASCO CAIXA DIREÇÃO;CASCO CAIXA DIREÇÃO;0;;
292;0486;13.93.0140;0486;13.93.0140;CATEGORIA0;;1;1;0;1;;CASCO CAIXA DIREÇÃO;CASCO CAIXA DIREÇÃO;0;;
292;0486;13.93.0200;0486;13.93.0200;CATEGORIA0;;1;1;0;1;;CASCO CAIXA DIREÇÃO;CASCO CAIXA DIREÇÃO;0;;
292;0486;13.93.0210;0486;13.93.0210;CATEGORIA0;;1;1;0;1;;CASCO CAIXA DIREÇÃO;CASCO CAIXA DIREÇÃO;0;;
292;0486;13.93.0215;0486;13.93.0215;CATEGORIA0;;1;1;0;1;;CASCO CAIXA DIREÇÃO;CASCO CAIXA DIREÇÃO;0;;
292;0486;13.93.0225;0486;13.93.0225;CATEGORIA0;;1;1;0;1;;CASCO CAIXA DIREÇÃO;CASCO CAIXA DIREÇÃO;0;;
292;0486;13.93.0250;0486;13.93.0250;CATEGORIA0;;1;1;0;1;;CASCO CAIXA DIREÇÃO;CASCO CAIXA DIREÇÃO;0;;
292;0486;13.93.0500;0486;13.93.0500;CATEGORIA0;;1;1;0;1;;CASCO CAIXA DIREÇÃO;CASCO CAIXA DIREÇÃO;0;;
292;0486;13.93.0550;0486;13.93.0550;CATEGORIA0;;1;1;0;1;;CASCO CAIXA DIREÇÃO;CASCO CAIXA DIREÇÃO;0;;
292;0486;13.98.1000;0486;13.98.1000;CATEGORIA0;;1;1;0;1;;CASCO CAIXA DIREÇÃO;CASCO CAIXA DIREÇÃO;0;;
292;0486;13.98.9000;0486;13.98.9000;CATEGORIA0;;1;1;0;1;;CASCO CAIXA DIREÇÃO;CASCO CAIXA DIREÇÃO;0;;
292;0486;14.05.0100-2;0486;14.05.0100-2;CATEGORIA0;;1;1;0;1;;CASCO BOMBA DIREÇÃO;CASCO BOMBA DIREÇÃO;0;;
292;0486;14.05.0100-3;0486;14.05.0100-3;CATEGORIA0;;1;1;0;1;;CASCO BOMBA DIREÇÃO;CASCO BOMBA DIREÇÃO;0;;
292;0486;14.05.0100-4;0486;14.05.0100-4;CATEGORIA0;;1;1;0;1;;CASCO BOMBA DIREÇÃO;CASCO BOMBA DIREÇÃO;0;;
292;0486;14.05.0100-5;0486;14.05.0100-5;CATEGORIA0;;1;1;0;1;;CASCO BOMBA DIREÇÃO;CASCO BOMBA DIREÇÃO;0;;
292;0486;14.05.0100-6;0486;14.05.0100-6;CATEGORIA0;;1;1;0;1;;CASCO BOMBA DIREÇÃO;CASCO BOMBA DIREÇÃO;0;;
292;0486;14.05.0100-7;0486;14.05.0100-7;CATEGORIA0;;1;1;0;1;;CASCO BOMBA DIREÇÃO;CASCO BOMBA DIREÇÃO;0;;
292;0486;14.05.0100-8;0486;14.05.0100-8;CATEGORIA0;;1;1;0;1;;CASCO BOMBA DIREÇÃO;CASCO BOMBA DIREÇÃO;0;;
292;0486;14.05.0100-9;0486;14.05.0100-9;CATEGORIA0;;1;1;0;1;;CASCO BOMBA DIREÇÃO;CASCO BOMBA DIREÇÃO;0;;
292;0486;14.05.0101;0486;14.05.0101;CATEGORIA0;;1;1;0;1;;CASCO BOMBA DIREÇÃO;CASCO BOMBA DIREÇÃO;0;;
292;0486;14.05.0102-1;0486;14.05.0102-1;CATEGORIA0;;1;1;0;1;;CASCO BOMBA DIREÇÃO;CASCO BOMBA DIREÇÃO;0;;
292;0486;14.05.0103-1;0486;14.05.0103-1;CATEGORIA0;;1;1;0;1;;CASCO BOMBA DIREÇÃO;CASCO BOMBA DIREÇÃO;0;;
292;0486;14.05.0104-1;0486;14.05.0104-1;CATEGORIA0;;1;1;0;1;;CASCO BOMBA DIREÇÃO;CASCO BOMBA DIREÇÃO;0;;
292;0486;14.05.0105;0486;14.05.0105;CATEGORIA0;;1;1;0;1;;CASCO BOMBA DIREÇÃO;CASCO BOMBA DIREÇÃO;0;;
292;0486;14.05.0105-1;0486;14.05.0105-1;CATEGORIA0;;1;1;0;1;;CASCO BOMBA DIREÇÃO;CASCO BOMBA DIREÇÃO;0;;
292;0486;14.05.0106-1;0486;14.05.0106-1;CATEGORIA0;;1;1;0;1;;CASCO BOMBA DIREÇÃO;CASCO BOMBA DIREÇÃO;0;;
292;0486;14.05.0107-1;0486;14.05.0107-1;CATEGORIA0;;1;1;0;1;;CASCO BOMBA DIREÇÃO;CASCO BOMBA DIREÇÃO;0;;
292;0486;14.05.0108-1;0486;14.05.0108-1;CATEGORIA0;;1;1;0;1;;CASCO BOMBA DIREÇÃO;CASCO BOMBA DIREÇÃO;0;;
292;0486;14.05.0110;0486;14.05.0110;CATEGORIA0;;1;1;0;1;;CASCO BOMBA DIREÇÃO;CASCO BOMBA DIREÇÃO;0;;
292;0486;14.05.0112;0486;14.05.0112;CATEGORIA0;;1;1;0;1;;CASCO BOMBA DIREÇÃO;CASCO BOMBA DIREÇÃO;0;;
292;0486;14.05.0113;0486;14.05.0113;CATEGORIA0;;1;1;0;1;;CASCO BOMBA DIREÇÃO;CASCO BOMBA DIREÇÃO;0;;
292;0486;14.05.0120;0486;14.05.0120;CATEGORIA0;;1;1;0;1;;CASCO BOMBA DIREÇÃO;CASCO BOMBA DIREÇÃO;0;;
292;0486;14.05.0120-1;0486;14.05.0120-1;CATEGORIA0;;1;1;0;1;;CASCO BOMBA DIREÇÃO;CASCO BOMBA DIREÇÃO;0;;
292;0486;14.05.0130-6;0486;14.05.0130-6;CATEGORIA0;;1;1;0;1;;CASCO BOMBA DIREÇÃO;CASCO BOMBA DIREÇÃO;0;;
292;0486;14.05.0140;0486;14.05.0140;CATEGORIA0;;1;1;0;1;;CASCO BOMBA DIREÇÃO;CASCO BOMBA DIREÇÃO;0;;
292;0486;14.05.0150;0486;14.05.0150;CATEGORIA0;;1;1;0;1;;CASCO BOMBA DIREÇÃO;CASCO BOMBA DIREÇÃO;0;;
292;0486;14.05.0155-1;0486;14.05.0155-1;CATEGORIA0;;1;1;0;1;;CASCO BOMBA DIREÇÃO;CASCO BOMBA DIREÇÃO;0;;
292;0486;14.05.0170;0486;14.05.0170;CATEGORIA0;;1;1;0;1;;CASCO BOMBA DIREÇÃO;CASCO BOMBA DIREÇÃO;0;;
292;0486;14.05.0180-1;0486;14.05.0180-1;CATEGORIA0;;1;1;0;1;;CASCO BOMBA DIREÇÃO;CASCO BOMBA DIREÇÃO;0;;
292;0486;14.05.0182-1;0486;14.05.0182-1;CATEGORIA0;;1;1;0;1;;CASCO BOMBA DIREÇÃO;CASCO BOMBA DIREÇÃO;0;;
292;0486;14.05.0185-1;0486;14.05.0185-1;CATEGORIA0;;1;1;0;1;;CASCO BOMBA DIREÇÃO;CASCO BOMBA DIREÇÃO;0;;
292;0486;14.05.0200-1;0486;14.05.0200-1;CATEGORIA0;;1;1;0;1;;CASCO BOMBA DIREÇÃO;CASCO BOMBA DIREÇÃO;0;;
292;0486;14.05.0200-3;0486;14.05.0200-3;CATEGORIA0;;1;1;0;1;;CASCO BOMBA DIREÇÃO;CASCO BOMBA DIREÇÃO;0;;
292;0486;14.05.0200-4;0486;14.05.0200-4;CATEGORIA0;;1;1;0;1;;CASCO BOMBA DIREÇÃO;CASCO BOMBA DIREÇÃO;0;;
292;0486;14.05.0201;0486;14.05.0201;CATEGORIA0;;1;1;0;1;;CASCO BOMBA DIREÇÃO;CASCO BOMBA DIREÇÃO;0;;
292;0486;14.05.0220;0486;14.05.0220;CATEGORIA0;;1;1;0;1;;CASCO BOMBA DIREÇÃO;CASCO BOMBA DIREÇÃO;0;;
292;0486;14.05.0225-1;0486;14.05.0225-1;CATEGORIA0;;1;1;0;1;;CASCO BOMBA DIREÇÃO;CASCO BOMBA DIREÇÃO;0;;
292;0486;14.05.0225-2;0486;14.05.0225-2;CATEGORIA0;;1;1;0;1;;CASCO BOMBA DIREÇÃO;CASCO BOMBA DIREÇÃO;0;;
292;0486;14.05.0225-3;0486;14.05.0225-3;CATEGORIA0;;1;1;0;1;;CASCO BOMBA DIREÇÃO;CASCO BOMBA DIREÇÃO;0;;
292;0486;14.05.0225-4;0486;14.05.0225-4;CATEGORIA0;;1;1;0;1;;CASCO BOMBA DIREÇÃO;CASCO BOMBA DIREÇÃO;0;;
292;0486;14.05.0226;0486;14.05.0226;CATEGORIA0;;1;1;0;1;;CASCO BOMBA DIREÇÃO;CASCO BOMBA DIREÇÃO;0;;
292;0486;14.05.0250;0486;14.05.0250;CATEGORIA0;;1;1;0;1;;CASCO BOMBA DIREÇÃO;CASCO BOMBA DIREÇÃO;0;;
292;0486;14.05.0300-1;0486;14.05.0300-1;CATEGORIA0;;1;1;0;1;;CASCO BOMBA DIREÇÃO;CASCO BOMBA DIREÇÃO;0;;
292;0486;14.05.0300-3;0486;14.05.0300-3;CATEGORIA0;;1;1;0;1;;CASCO BOMBA DIREÇÃO;CASCO BOMBA DIREÇÃO;0;;
292;0486;14.05.0300-4;0486;14.05.0300-4;CATEGORIA0;;1;1;0;1;;CASCO BOMBA DIREÇÃO;CASCO BOMBA DIREÇÃO;0;;
292;0486;14.05.0300-5;0486;14.05.0300-5;CATEGORIA0;;1;1;0;1;;CASCO BOMBA DIREÇÃO;CASCO BOMBA DIREÇÃO;0;;
292;0486;14.05.0300-7;0486;14.05.0300-7;CATEGORIA0;;1;1;0;1;;CASCO BOMBA DIREÇÃO;CASCO BOMBA DIREÇÃO;0;;
292;0486;14.05.0300-8;0486;14.05.0300-8;CATEGORIA0;;1;1;0;1;;CASCO BOMBA DIREÇÃO;CASCO BOMBA DIREÇÃO;0;;
292;0486;14.05.0300-9;0486;14.05.0300-9;CATEGORIA0;;1;1;0;1;;CASCO BOMBA DIREÇÃO;CASCO BOMBA DIREÇÃO;0;;
292;0486;14.05.0303-1;0486;14.05.0303-1;CATEGORIA0;;1;1;0;1;;CASCO BOMBA DIREÇÃO;CASCO BOMBA DIREÇÃO;0;;
292;0486;14.05.0303-2;0486;14.05.0303-2;CATEGORIA0;;1;1;0;1;;CASCO BOMBA DIREÇÃO;CASCO BOMBA DIREÇÃO;0;;
292;0486;14.05.0303-3;0486;14.05.0303-3;CATEGORIA0;;1;1;0;1;;CASCO BOMBA DIREÇÃO;CASCO BOMBA DIREÇÃO;0;;
292;0486;14.05.0303-4;0486;14.05.0303-4;CATEGORIA0;;1;1;0;1;;CASCO BOMBA DIREÇÃO;CASCO BOMBA DIREÇÃO;0;;
292;0486;14.05.0303-5;0486;14.05.0303-5;CATEGORIA0;;1;1;0;1;;CASCO BOMBA DIREÇÃO;CASCO BOMBA DIREÇÃO;0;;
292;0486;14.05.0303-6;0486;14.05.0303-6;CATEGORIA0;;1;1;0;1;;CASCO BOMBA DIREÇÃO;CASCO BOMBA DIREÇÃO;0;;
292;0486;14.05.0303-7;0486;14.05.0303-7;CATEGORIA0;;1;1;0;1;;CASCO BOMBA DIREÇÃO;CASCO BOMBA DIREÇÃO;0;;
292;0486;14.05.0303-9;0486;14.05.0303-9;CATEGORIA0;;1;1;0;1;;CASCO BOMBA DIREÇÃO;CASCO BOMBA DIREÇÃO;0;;
292;0486;14.05.0305;0486;14.05.0305;CATEGORIA0;;1;1;0;1;;CASCO BOMBA DIREÇÃO;CASCO BOMBA DIREÇÃO;0;;
292;0486;14.05.0307-1;0486;14.05.0307-1;CATEGORIA0;;1;1;0;1;;CASCO BOMBA DIREÇÃO;CASCO BOMBA DIREÇÃO;0;;
292;0486;14.05.0315-1;0486;14.05.0315-1;CATEGORIA0;;1;1;0;1;;CASCO BOMBA DIREÇÃO;CASCO BOMBA DIREÇÃO;0;;
292;0486;14.05.0315-4;0486;14.05.0315-4;CATEGORIA0;;1;1;0;1;;CASCO BOMBA DIREÇÃO;CASCO BOMBA DIREÇÃO;0;;
292;0486;14.05.0316;0486;14.05.0316;CATEGORIA0;;1;1;0;1;;CASCO BOMBA DIREÇÃO;CASCO BOMBA DIREÇÃO;0;;
292;0486;14.05.0318;0486;14.05.0318;CATEGORIA0;;1;1;0;1;;CASCO BOMBA DIREÇÃO;CASCO BOMBA DIREÇÃO;0;;
292;0486;14.05.0318-1;0486;14.05.0318-1;CATEGORIA0;;1;1;0;1;;CASCO BOMBA DIREÇÃO;CASCO BOMBA DIREÇÃO;0;;
292;0486;14.05.0320;0486;14.05.0320;CATEGORIA0;;1;1;0;1;;CASCO BOMBA DIREÇÃO;CASCO BOMBA DIREÇÃO;0;;
292;0486;14.05.0323-1;0486;14.05.0323-1;CATEGORIA0;;1;1;0;1;;CASCO BOMBA DIREÇÃO;CASCO BOMBA DIREÇÃO;0;;
292;0486;14.05.0323-2;0486;14.05.0323-2;CATEGORIA0;;1;1;0;1;;CASCO BOMBA DIREÇÃO;CASCO BOMBA DIREÇÃO;0;;
292;0486;14.05.0325;0486;14.05.0325;CATEGORIA0;;1;1;0;1;;CASCO BOMBA DIREÇÃO;CASCO BOMBA DIREÇÃO;0;;
292;0486;14.05.0326-1;0486;14.05.0326-1;CATEGORIA0;;1;1;0;1;;CASCO BOMBA DIREÇÃO;CASCO BOMBA DIREÇÃO;0;;
292;0486;14.05.0335-1;0486;14.05.0335-1;CATEGORIA0;;1;1;0;1;;CASCO BOMBA DIREÇÃO;CASCO BOMBA DIREÇÃO;0;;
292;0486;14.05.0335-2;0486;14.05.0335-2;CATEGORIA0;;1;1;0;1;;CASCO BOMBA DIREÇÃO;CASCO BOMBA DIREÇÃO;0;;
292;0486;14.05.0340;0486;14.05.0340;CATEGORIA0;;1;1;0;1;;CASCO BOMBA DIREÇÃO;CASCO BOMBA DIREÇÃO;0;;
292;0486;14.05.0343;0486;14.05.0343;CATEGORIA0;;1;1;0;1;;CASCO BOMBA DIREÇÃO;CASCO BOMBA DIREÇÃO;0;;
292;0486;14.05.0345-1;0486;14.05.0345-1;CATEGORIA0;;1;1;0;1;;CASCO BOMBA DIREÇÃO;CASCO BOMBA DIREÇÃO;0;;
292;0486;14.05.0345-2;0486;14.05.0345-2;CATEGORIA0;;1;1;0;1;;CASCO BOMBA DIREÇÃO;CASCO BOMBA DIREÇÃO;0;;
292;0486;14.05.0350-1;0486;14.05.0350-1;CATEGORIA0;;1;1;0;1;;CASCO BOMBA DIREÇÃO;CASCO BOMBA DIREÇÃO;0;;
292;0486;14.05.0352;0486;14.05.0352;CATEGORIA0;;1;1;0;1;;CASCO BOMBA DIREÇÃO;CASCO BOMBA DIREÇÃO;0;;
292;0486;14.05.0353;0486;14.05.0353;CATEGORIA0;;1;1;0;1;;CASCO BOMBA DIREÇÃO;CASCO BOMBA DIREÇÃO;0;;
292;0486;14.05.0355-1;0486;14.05.0355-1;CATEGORIA0;;1;1;0;1;;CASCO BOMBA DIREÇÃO;CASCO BOMBA DIREÇÃO;0;;
292;0486;14.05.0355-3;0486;14.05.0355-3;CATEGORIA0;;1;1;0;1;;CASCO BOMBA DIREÇÃO;CASCO BOMBA DIREÇÃO;0;;
292;0486;14.05.0360-1;0486;14.05.0360-1;CATEGORIA0;;1;1;0;1;;CASCO BOMBA DIREÇÃO;CASCO BOMBA DIREÇÃO;0;;
292;0486;14.05.0360-2;0486;14.05.0360-2;CATEGORIA0;;1;1;0;1;;CASCO BOMBA DIREÇÃO;CASCO BOMBA DIREÇÃO;0;;
292;0486;14.05.0360-3;0486;14.05.0360-3;CATEGORIA0;;1;1;0;1;;CASCO BOMBA DIREÇÃO;CASCO BOMBA DIREÇÃO;0;;
292;0486;14.05.0365;0486;14.05.0365;CATEGORIA0;;1;1;0;1;;CASCO BOMBA DIREÇÃO;CASCO BOMBA DIREÇÃO;0;;
292;0486;14.05.0366;0486;14.05.0366;CATEGORIA0;;1;1;0;1;;CASCO BOMBA DIREÇÃO;CASCO BOMBA DIREÇÃO;0;;
292;0486;14.05.0370-1;0486;14.05.0370-1;CATEGORIA0;;1;1;0;1;;CASCO BOMBA DIREÇÃO;CASCO BOMBA DIREÇÃO;0;;
292;0486;14.05.0370-2;0486;14.05.0370-2;CATEGORIA0;;1;1;0;1;;CASCO BOMBA DIREÇÃO;CASCO BOMBA DIREÇÃO;0;;
292;0486;14.05.0370-3;0486;14.05.0370-3;CATEGORIA0;;1;1;0;1;;CASCO BOMBA DIREÇÃO;CASCO BOMBA DIREÇÃO;0;;
292;0486;14.05.0373-1;0486;14.05.0373-1;CATEGORIA0;;1;1;0;1;;CASCO BOMBA DIREÇÃO;CASCO BOMBA DIREÇÃO;0;;
292;0486;14.05.0373-2;0486;14.05.0373-2;CATEGORIA0;;1;1;0;1;;CASCO BOMBA DIREÇÃO;CASCO BOMBA DIREÇÃO;0;;
292;0486;14.05.0375;0486;14.05.0375;CATEGORIA0;;1;1;0;1;;CASCO BOMBA DIREÇÃO;CASCO BOMBA DIREÇÃO;0;;
292;0486;14.05.0376-1;0486;14.05.0376-1;CATEGORIA0;;1;1;0;1;;CASCO BOMBA DIREÇÃO;CASCO BOMBA DIREÇÃO;0;;
292;0486;14.05.0380-1;0486;14.05.0380-1;CATEGORIA0;;1;1;0;1;;CASCO BOMBA DIREÇÃO;CASCO BOMBA DIREÇÃO;0;;
292;0486;14.05.0387;0486;14.05.0387;CATEGORIA0;;1;1;0;1;;CASCO BOMBA DIREÇÃO;CASCO BOMBA DIREÇÃO;0;;
292;0486;14.05.0390;0486;14.05.0390;CATEGORIA0;;1;1;0;1;;CASCO BOMBA DIREÇÃO;CASCO BOMBA DIREÇÃO;0;;
292;0486;14.05.0391;0486;14.05.0391;CATEGORIA0;;1;1;0;1;;CASCO BOMBA DIREÇÃO;CASCO BOMBA DIREÇÃO;0;;
292;0486;14.05.0400;0486;14.05.0400;CATEGORIA0;;1;1;0;1;;CASCO BOMBA DIREÇÃO;CASCO BOMBA DIREÇÃO;0;;
292;0486;14.05.0401;0486;14.05.0401;CATEGORIA0;;1;1;0;1;;CASCO BOMBA DIREÇÃO;CASCO BOMBA DIREÇÃO;0;;
292;0486;14.05.0402-1;0486;14.05.0402-1;CATEGORIA0;;1;1;0;1;;CASCO BOMBA DIREÇÃO;CASCO BOMBA DIREÇÃO;0;;
292;0486;14.05.0403-1;0486;14.05.0403-1;CATEGORIA0;;1;1;0;1;;CASCO BOMBA DIREÇÃO;CASCO BOMBA DIREÇÃO;0;;
292;0486;14.05.0403-2;0486;14.05.0403-2;CATEGORIA0;;1;1;0;1;;CASCO BOMBA DIREÇÃO;CASCO BOMBA DIREÇÃO;0;;
292;0486;14.05.0404-1;0486;14.05.0404-1;CATEGORIA0;;1;1;0;1;;CASCO BOMBA DIREÇÃO;CASCO BOMBA DIREÇÃO;0;;
292;0486;14.05.0405;0486;14.05.0405;CATEGORIA0;;1;1;0;1;;CASCO BOMBA DIREÇÃO;CASCO BOMBA DIREÇÃO;0;;
292;0486;14.05.0406;0486;14.05.0406;CATEGORIA0;;1;1;0;1;;CASCO BOMBA DIREÇÃO;CASCO BOMBA DIREÇÃO;0;;
292;0486;14.05.0407;0486;14.05.0407;CATEGORIA0;;1;1;0;1;;CASCO BOMBA DIREÇÃO;CASCO BOMBA DIREÇÃO;0;;
292;0486;14.05.0408;0486;14.05.0408;CATEGORIA0;;1;1;0;1;;CASCO BOMBA DIREÇÃO;CASCO BOMBA DIREÇÃO;0;;
292;0486;14.05.0410-1;0486;14.05.0410-1;CATEGORIA0;;1;1;0;1;;CASCO BOMBA DIREÇÃO;CASCO BOMBA DIREÇÃO;0;;
292;0486;14.05.0411-1;0486;14.05.0411-1;CATEGORIA0;;1;1;0;1;;CASCO BOMBA DIREÇÃO;CASCO BOMBA DIREÇÃO;0;;
292;0486;14.05.0411-2;0486;14.05.0411-2;CATEGORIA0;;1;1;0;1;;CASCO BOMBA DIREÇÃO;CASCO BOMBA DIREÇÃO;0;;
292;0486;14.05.0412-1;0486;14.05.0412-1;CATEGORIA0;;1;1;0;1;;CASCO BOMBA DIREÇÃO;CASCO BOMBA DIREÇÃO;0;;
292;0486;14.05.0413-1;0486;14.05.0413-1;CATEGORIA0;;1;1;0;1;;CASCO BOMBA DIREÇÃO;CASCO BOMBA DIREÇÃO;0;;
292;0486;14.05.0450;0486;14.05.0450;CATEGORIA0;;1;1;0;1;;CASCO BOMBA DIREÇÃO;CASCO BOMBA DIREÇÃO;0;;
292;0486;14.05.0460-1;0486;14.05.0460-1;CATEGORIA0;;1;1;0;1;;CASCO BOMBA DIREÇÃO;CASCO BOMBA DIREÇÃO;0;;
292;0486;14.05.0500;0486;14.05.0500;CATEGORIA0;;1;1;0;1;;CASCO BOMBA DIREÇÃO;CASCO BOMBA DIREÇÃO;0;;
292;0486;14.05.0510-1;0486;14.05.0510-1;CATEGORIA0;;1;1;0;1;;CASCO BOMBA DIREÇÃO;CASCO BOMBA DIREÇÃO;0;;
292;0486;14.05.0515;0486;14.05.0515;CATEGORIA0;;1;1;0;1;;CASCO BOMBA DIREÇÃO;CASCO BOMBA DIREÇÃO;0;;
292;0486;14.05.0520-1;0486;14.05.0520-1;CATEGORIA0;;1;1;0;1;;CASCO BOMBA DIREÇÃO;CASCO BOMBA DIREÇÃO;0;;
292;0486;14.05.0530-1;0486;14.05.0530-1;CATEGORIA0;;1;1;0;1;;CASCO BOMBA DIREÇÃO;CASCO BOMBA DIREÇÃO;0;;
292;0486;14.05.0545-1;0486;14.05.0545-1;CATEGORIA0;;1;1;0;1;;CASCO BOMBA DIREÇÃO;CASCO BOMBA DIREÇÃO;0;;
292;0486;14.05.0550-1;0486;14.05.0550-1;CATEGORIA0;;1;1;0;1;;CASCO BOMBA DIREÇÃO;CASCO BOMBA DIREÇÃO;0;;
292;0486;14.05.0560-1;0486;14.05.0560-1;CATEGORIA0;;1;1;0;1;;CASCO BOMBA DIREÇÃO;CASCO BOMBA DIREÇÃO;0;;
292;0486;14.05.0570-1;0486;14.05.0570-1;CATEGORIA0;;1;1;0;1;;CASCO BOMBA DIREÇÃO;CASCO BOMBA DIREÇÃO;0;;
292;0486;14.05.0600;0486;14.05.0600;CATEGORIA0;;1;1;0;1;;CASCO BOMBA DIREÇÃO;CASCO BOMBA DIREÇÃO;0;;
292;0486;14.05.0603;0486;14.05.0603;CATEGORIA0;;1;1;0;1;;CASCO BOMBA DIREÇÃO;CASCO BOMBA DIREÇÃO;0;;
292;0486;14.05.0700;0486;14.05.0700;CATEGORIA0;;1;1;0;1;;CASCO BOMBA DIREÇÃO;CASCO BOMBA DIREÇÃO;0;;
292;0486;14.05.0702;0486;14.05.0702;CATEGORIA0;;1;1;0;1;;CASCO BOMBA DIREÇÃO;CASCO BOMBA DIREÇÃO;0;;
292;0486;14.05.0710;0486;14.05.0710;CATEGORIA0;;1;1;0;1;;CASCO BOMBA DIREÇÃO;CASCO BOMBA DIREÇÃO;0;;
292;0486;14.05.0715;0486;14.05.0715;CATEGORIA0;;1;1;0;1;;CASCO BOMBA DIREÇÃO;CASCO BOMBA DIREÇÃO;0;;
292;0486;14.05.0800-1;0486;14.05.0800-1;CATEGORIA0;;1;1;0;1;;CASCO BOMBA DIREÇÃO;CASCO BOMBA DIREÇÃO;0;;
292;0486;14.05.0800-3;0486;14.05.0800-3;CATEGORIA0;;1;1;0;1;;CASCO BOMBA DIREÇÃO;CASCO BOMBA DIREÇÃO;0;;
292;0486;14.05.0900;0486;14.05.0900;CATEGORIA0;;1;1;0;1;;CASCO BOMBA DIREÇÃO;CASCO BOMBA DIREÇÃO;0;;
292;0486;14.05.0902-1;0486;14.05.0902-1;CATEGORIA0;;1;1;0;1;;CASCO BOMBA DIREÇÃO;CASCO BOMBA DIREÇÃO;0;;
292;0486;14.05.1000;0486;14.05.1000;CATEGORIA0;;1;1;0;1;;CASCO BOMBA DIREÇÃO;CASCO BOMBA DIREÇÃO;0;;
292;0486;14.05.1009;0486;14.05.1009;CATEGORIA0;;1;1;0;1;;CASCO BOMBA DIREÇÃO;CASCO BOMBA DIREÇÃO;0;;
292;0486;14.05.1030-1;0486;14.05.1030-1;CATEGORIA0;;1;1;0;1;;CASCO BOMBA DIREÇÃO;CASCO BOMBA DIREÇÃO;0;;
292;0486;14.05.1030-4;0486;14.05.1030-4;CATEGORIA0;;1;1;0;1;;CASCO BOMBA DIREÇÃO;CASCO BOMBA DIREÇÃO;0;;
292;0486;14.05.1040;0486;14.05.1040;CATEGORIA0;;1;1;0;1;;CASCO BOMBA DIREÇÃO;CASCO BOMBA DIREÇÃO;0;;
292;0486;14.05.1049-1;0486;14.05.1049-1;CATEGORIA0;;1;1;0;1;;CASCO BOMBA DIREÇÃO;CASCO BOMBA DIREÇÃO;0;;
292;0486;14.05.1050;0486;14.05.1050;CATEGORIA0;;1;1;0;1;;CASCO BOMBA DIREÇÃO;CASCO BOMBA DIREÇÃO;0;;
292;0486;14.05.1051;0486;14.05.1051;CATEGORIA0;;1;1;0;1;;CASCO BOMBA DIREÇÃO;CASCO BOMBA DIREÇÃO;0;;
292;0486;14.05.1070;0486;14.05.1070;CATEGORIA0;;1;1;0;1;;CASCO BOMBA DIREÇÃO;CASCO BOMBA DIREÇÃO;0;;
292;0486;14.05.1090;0486;14.05.1090;CATEGORIA0;;1;1;0;1;;CASCO BOMBA DIREÇÃO;CASCO BOMBA DIREÇÃO;0;;
292;0486;14.05.1092;0486;14.05.1092;CATEGORIA0;;1;1;0;1;;CASCO BOMBA DIREÇÃO;CASCO BOMBA DIREÇÃO;0;;
292;0486;14.05.1093-1;0486;14.05.1093-1;CATEGORIA0;;1;1;0;1;;CASCO BOMBA DIREÇÃO;CASCO BOMBA DIREÇÃO;0;;
292;0486;14.05.1094;0486;14.05.1094;CATEGORIA0;;1;1;0;1;;CASCO BOMBA DIREÇÃO;CASCO BOMBA DIREÇÃO;0;;
292;0486;14.05.1095;0486;14.05.1095;CATEGORIA0;;1;1;0;1;;CASCO BOMBA DIREÇÃO;CASCO BOMBA DIREÇÃO;0;;
292;0486;14.05.1096;0486;14.05.1096;CATEGORIA0;;1;1;0;1;;CASCO BOMBA DIREÇÃO;CASCO BOMBA DIREÇÃO;0;;
292;0486;14.05.1097-1;0486;14.05.1097-1;CATEGORIA0;;1;1;0;1;;CASCO BOMBA DIREÇÃO;CASCO BOMBA DIREÇÃO;0;;
292;0486;14.05.1120;0486;14.05.1120;CATEGORIA0;;1;1;0;1;;CASCO BOMBA DIREÇÃO;CASCO BOMBA DIREÇÃO;0;;
292;0486;14.05.1130-1;0486;14.05.1130-1;CATEGORIA0;;1;1;0;1;;CASCO BOMBA DIREÇÃO;CASCO BOMBA DIREÇÃO;0;;
292;0486;14.05.1130-3;0486;14.05.1130-3;CATEGORIA0;;1;1;0;1;;CASCO BOMBA DIREÇÃO;CASCO BOMBA DIREÇÃO;0;;
292;0486;14.05.1130-4;0486;14.05.1130-4;CATEGORIA0;;1;1;0;1;;CASCO BOMBA DIREÇÃO;CASCO BOMBA DIREÇÃO;0;;
292;0486;14.05.1130-5;0486;14.05.1130-5;CATEGORIA0;;1;1;0;1;;CASCO BOMBA DIREÇÃO;CASCO BOMBA DIREÇÃO;0;;
292;0486;14.05.1135-1;0486;14.05.1135-1;CATEGORIA0;;1;1;0;1;;CASCO BOMBA DIREÇÃO;CASCO BOMBA DIREÇÃO;0;;
292;0486;14.05.1140;0486;14.05.1140;CATEGORIA0;;1;1;0;1;;CASCO BOMBA DIREÇÃO;CASCO BOMBA DIREÇÃO;0;;
292;0486;14.05.1140-1;0486;14.05.1140-1;CATEGORIA0;;1;1;0;1;;CASCO BOMBA DIREÇÃO;CASCO BOMBA DIREÇÃO;0;;
292;0486;14.05.1140-6;0486;14.05.1140-6;CATEGORIA0;;1;1;0;1;;CASCO BOMBA DIREÇÃO;CASCO BOMBA DIREÇÃO;0;;
292;0486;14.05.1140-7;0486;14.05.1140-7;CATEGORIA0;;1;1;0;1;;CASCO BOMBA DIREÇÃO;CASCO BOMBA DIREÇÃO;0;;
292;0486;14.05.1145;0486;14.05.1145;CATEGORIA0;;1;1;0;1;;CASCO BOMBA DIREÇÃO;CASCO BOMBA DIREÇÃO;0;;
292;0486;14.05.1150;0486;14.05.1150;CATEGORIA0;;1;1;0;1;;CASCO BOMBA DIREÇÃO;CASCO BOMBA DIREÇÃO;0;;
292;0486;14.05.1200-1;0486;14.05.1200-1;CATEGORIA0;;1;1;0;1;;CASCO BOMBA DIREÇÃO;CASCO BOMBA DIREÇÃO;0;;
292;0486;14.05.1200-2;0486;14.05.1200-2;CATEGORIA0;;1;1;0;1;;CASCO BOMBA DIREÇÃO;CASCO BOMBA DIREÇÃO;0;;
292;0486;14.05.1240-5;0486;14.05.1240-5;CATEGORIA0;;1;1;0;1;;CASCO BOMBA DIREÇÃO;CASCO BOMBA DIREÇÃO;0;;
292;0486;14.05.1242;0486;14.05.1242;CATEGORIA0;;1;1;0;1;;CASCO BOMBA DIREÇÃO;CASCO BOMBA DIREÇÃO;0;;
292;0486;14.05.1243-1;0486;14.05.1243-1;CATEGORIA0;;1;1;0;1;;CASCO BOMBA DIREÇÃO;CASCO BOMBA DIREÇÃO;0;;
292;0486;14.05.1245-1;0486;14.05.1245-1;CATEGORIA0;;1;1;0;1;;CASCO BOMBA DIREÇÃO;CASCO BOMBA DIREÇÃO;0;;
292;0486;14.07.0100-1;0486;14.07.0100-1;CATEGORIA0;;1;1;0;1;;CASCO BOMBA DIREÇÃO;CASCO BOMBA DIREÇÃO;0;;
292;0486;14.07.0100-10;0486;14.07.0100-10;CATEGORIA0;;1;1;0;1;;CASCO BOMBA DIREÇÃO;CASCO BOMBA DIREÇÃO;0;;
292;0486;14.07.0100-11;0486;14.07.0100-11;CATEGORIA0;;1;1;0;1;;CASCO BOMBA DIREÇÃO;CASCO BOMBA DIREÇÃO;0;;
292;0486;14.07.0100-2;0486;14.07.0100-2;CATEGORIA0;;1;1;0;1;;CASCO BOMBA DIREÇÃO;CASCO BOMBA DIREÇÃO;0;;
292;0486;14.07.0100-3;0486;14.07.0100-3;CATEGORIA0;;1;1;0;1;;CASCO BOMBA DIREÇÃO;CASCO BOMBA DIREÇÃO;0;;
292;0486;14.07.0100-4;0486;14.07.0100-4;CATEGORIA0;;1;1;0;1;;CASCO BOMBA DIREÇÃO;CASCO BOMBA DIREÇÃO;0;;
292;0486;14.07.0100-5;0486;14.07.0100-5;CATEGORIA0;;1;1;0;1;;CASCO BOMBA DIREÇÃO;CASCO BOMBA DIREÇÃO;0;;
292;0486;14.07.0100-6;0486;14.07.0100-6;CATEGORIA0;;1;1;0;1;;CASCO BOMBA DIREÇÃO;CASCO BOMBA DIREÇÃO;0;;
292;0486;14.07.0100-7;0486;14.07.0100-7;CATEGORIA0;;1;1;0;1;;CASCO BOMBA DIREÇÃO;CASCO BOMBA DIREÇÃO;0;;
292;0486;14.07.0100-8;0486;14.07.0100-8;CATEGORIA0;;1;1;0;1;;CASCO BOMBA DIREÇÃO;CASCO BOMBA DIREÇÃO;0;;
292;0486;14.07.0100-9;0486;14.07.0100-9;CATEGORIA0;;1;1;0;1;;CASCO BOMBA DIREÇÃO;CASCO BOMBA DIREÇÃO;0;;
292;0486;14.07.0101;0486;14.07.0101;CATEGORIA0;;1;1;0;1;;CASCO BOMBA DIREÇÃO;CASCO BOMBA DIREÇÃO;0;;
292;0486;14.07.0102;0486;14.07.0102;CATEGORIA0;;1;1;0;1;;CASCO BOMBA DIREÇÃO;CASCO BOMBA DIREÇÃO;0;;
292;0486;14.07.0103;0486;14.07.0103;CATEGORIA0;;1;1;0;1;;CASCO BOMBA DIREÇÃO;CASCO BOMBA DIREÇÃO;0;;
292;0486;14.07.0104-1;0486;14.07.0104-1;CATEGORIA0;;1;1;0;1;;CASCO BOMBA DIREÇÃO;CASCO BOMBA DIREÇÃO;0;;
292;0486;14.07.0105;0486;14.07.0105;CATEGORIA0;;1;1;0;1;;CASCO BOMBA DIREÇÃO;CASCO BOMBA DIREÇÃO;0;;
292;0486;14.07.0106;0486;14.07.0106;CATEGORIA0;;1;1;0;1;;CASCO BOMBA DIREÇÃO;CASCO BOMBA DIREÇÃO;0;;
292;0486;14.07.0108;0486;14.07.0108;CATEGORIA0;;1;1;0;1;;CASCO BOMBA DIREÇÃO;CASCO BOMBA DIREÇÃO;0;;
292;0486;14.07.0110;0486;14.07.0110;CATEGORIA0;;1;1;0;1;;CASCO BOMBA DIREÇÃO;CASCO BOMBA DIREÇÃO;0;;
292;0486;14.07.0112;0486;14.07.0112;CATEGORIA0;;1;1;0;1;;CASCO BOMBA DIREÇÃO;CASCO BOMBA DIREÇÃO;0;;
292;0486;14.07.0118;0486;14.07.0118;CATEGORIA0;;1;1;0;1;;CASCO BOMBA DIREÇÃO;CASCO BOMBA DIREÇÃO;0;;
292;0486;14.07.0120;0486;14.07.0120;CATEGORIA0;;1;1;0;1;;CASCO BOMBA DIREÇÃO;CASCO BOMBA DIREÇÃO;0;;
292;0486;14.07.0130-1;0486;14.07.0130-1;CATEGORIA0;;1;1;0;1;;CASCO BOMBA DIREÇÃO;CASCO BOMBA DIREÇÃO;0;;
292;0486;14.07.0131;0486;14.07.0131;CATEGORIA0;;1;1;0;1;;CASCO BOMBA DIREÇÃO;CASCO BOMBA DIREÇÃO;0;;
292;0486;14.07.0140-1;0486;14.07.0140-1;CATEGORIA0;;1;1;0;1;;CASCO BOMBA DIREÇÃO;CASCO BOMBA DIREÇÃO;0;;
292;0486;14.07.0140-2;0486;14.07.0140-2;CATEGORIA0;;1;1;0;1;;CASCO BOMBA DIREÇÃO;CASCO BOMBA DIREÇÃO;0;;
292;0486;14.07.0142;0486;14.07.0142;CATEGORIA0;;1;1;0;1;;CASCO BOMBA DIREÇÃO;CASCO BOMBA DIREÇÃO;0;;
292;0486;14.07.0150-1;0486;14.07.0150-1;CATEGORIA0;;1;1;0;1;;CASCO BOMBA DIREÇÃO;CASCO BOMBA DIREÇÃO;0;;
292;0486;14.07.0160;0486;14.07.0160;CATEGORIA0;;1;1;0;1;;CASCO BOMBA DIREÇÃO;CASCO BOMBA DIREÇÃO;0;;
292;0486;14.07.0200-2;0486;14.07.0200-2;CATEGORIA0;;1;1;0;1;;CASCO BOMBA DIREÇÃO;CASCO BOMBA DIREÇÃO;0;;
292;0486;14.07.0200-4;0486;14.07.0200-4;CATEGORIA0;;1;1;0;1;;CASCO BOMBA DIREÇÃO;CASCO BOMBA DIREÇÃO;0;;
292;0486;14.07.0201;0486;14.07.0201;CATEGORIA0;;1;1;0;1;;CASCO BOMBA DIREÇÃO;CASCO BOMBA DIREÇÃO;0;;
292;0486;14.07.0202-1;0486;14.07.0202-1;CATEGORIA0;;1;1;0;1;;CASCO BOMBA DIREÇÃO;CASCO BOMBA DIREÇÃO;0;;
292;0486;14.07.0202-2;0486;14.07.0202-2;CATEGORIA0;;1;1;0;1;;CASCO BOMBA DIREÇÃO;CASCO BOMBA DIREÇÃO;0;;
292;0486;14.07.0203;0486;14.07.0203;CATEGORIA0;;1;1;0;1;;CASCO BOMBA DIREÇÃO;CASCO BOMBA DIREÇÃO;0;;
292;0486;14.07.0210;0486;14.07.0210;CATEGORIA0;;1;1;0;1;;CASCO BOMBA DIREÇÃO;CASCO BOMBA DIREÇÃO;0;;
292;0486;14.07.0250;0486;14.07.0250;CATEGORIA0;;1;1;0;1;;CASCO BOMBA DIREÇÃO;CASCO BOMBA DIREÇÃO;0;;
292;0486;14.07.0280;0486;14.07.0280;CATEGORIA0;;1;1;0;1;;CASCO BOMBA DIREÇÃO;CASCO BOMBA DIREÇÃO;0;;
292;0486;14.07.0281;0486;14.07.0281;CATEGORIA0;;1;1;0;1;;CASCO BOMBA DIREÇÃO;CASCO BOMBA DIREÇÃO;0;;
292;0486;14.07.0282;0486;14.07.0282;CATEGORIA0;;1;1;0;1;;CASCO BOMBA DIREÇÃO;CASCO BOMBA DIREÇÃO;0;;
292;0486;14.07.0283-1;0486;14.07.0283-1;CATEGORIA0;;1;1;0;1;;CASCO BOMBA DIREÇÃO;CASCO BOMBA DIREÇÃO;0;;
292;0486;14.07.0284;0486;14.07.0284;CATEGORIA0;;1;1;0;1;;CASCO BOMBA DIREÇÃO;CASCO BOMBA DIREÇÃO;0;;
292;0486;14.07.0287-1;0486;14.07.0287-1;CATEGORIA0;;1;1;0;1;;CASCO BOMBA DIREÇÃO;CASCO BOMBA DIREÇÃO;0;;
292;0486;14.07.0288-1;0486;14.07.0288-1;CATEGORIA0;;1;1;0;1;;CASCO BOMBA DIREÇÃO;CASCO BOMBA DIREÇÃO;0;;
292;0486;14.07.0293-1;0486;14.07.0293-1;CATEGORIA0;;1;1;0;1;;CASCO BOMBA DIREÇÃO;CASCO BOMBA DIREÇÃO;0;;
292;0486;14.07.0300-1;0486;14.07.0300-1;CATEGORIA0;;1;1;0;1;;CASCO BOMBA DIREÇÃO;CASCO BOMBA DIREÇÃO;0;;
292;0486;14.07.0300-2;0486;14.07.0300-2;CATEGORIA0;;1;1;0;1;;CASCO BOMBA DIREÇÃO;CASCO BOMBA DIREÇÃO;0;;
292;0486;14.07.0310;0486;14.07.0310;CATEGORIA0;;1;1;0;1;;CASCO BOMBA DIREÇÃO;CASCO BOMBA DIREÇÃO;0;;
292;0486;14.07.0315;0486;14.07.0315;CATEGORIA0;;1;1;0;1;;CASCO BOMBA DIREÇÃO;CASCO BOMBA DIREÇÃO;0;;
292;0486;14.07.0330;0486;14.07.0330;CATEGORIA0;;1;1;0;1;;CASCO BOMBA DIREÇÃO;CASCO BOMBA DIREÇÃO;0;;
292;0486;14.07.0340-1;0486;14.07.0340-1;CATEGORIA0;;1;1;0;1;;CASCO BOMBA DIREÇÃO;CASCO BOMBA DIREÇÃO;0;;
292;0486;14.07.0350-1;0486;14.07.0350-1;CATEGORIA0;;1;1;0;1;;CASCO BOMBA DIREÇÃO;CASCO BOMBA DIREÇÃO;0;;
292;0486;14.07.0350-2;0486;14.07.0350-2;CATEGORIA0;;1;1;0;1;;CASCO BOMBA DIREÇÃO;CASCO BOMBA DIREÇÃO;0;;
292;0486;14.07.0355;0486;14.07.0355;CATEGORIA0;;1;1;0;1;;CASCO BOMBA DIREÇÃO;CASCO BOMBA DIREÇÃO;0;;
292;0486;14.07.0360;0486;14.07.0360;CATEGORIA0;;1;1;0;1;;CASCO BOMBA DIREÇÃO;CASCO BOMBA DIREÇÃO;0;;
292;0486;14.07.0365;0486;14.07.0365;CATEGORIA0;;1;1;0;1;;CASCO BOMBA DIREÇÃO;CASCO BOMBA DIREÇÃO;0;;
292;0486;14.07.0368;0486;14.07.0368;CATEGORIA0;;1;1;0;1;;CASCO BOMBA DIREÇÃO;CASCO BOMBA DIREÇÃO;0;;
292;0486;14.07.0370;0486;14.07.0370;CATEGORIA0;;1;1;0;1;;CASCO BOMBA DIREÇÃO;CASCO BOMBA DIREÇÃO;0;;
292;0486;14.07.0371;0486;14.07.0371;CATEGORIA0;;1;1;0;1;;CASCO BOMBA DIREÇÃO;CASCO BOMBA DIREÇÃO;0;;
292;0486;14.07.0372;0486;14.07.0372;CATEGORIA0;;1;1;0;1;;CASCO BOMBA DIREÇÃO;CASCO BOMBA DIREÇÃO;0;;
292;0486;14.07.0380;0486;14.07.0380;CATEGORIA0;;1;1;0;1;;CASCO BOMBA DIREÇÃO;CASCO BOMBA DIREÇÃO;0;;
292;0486;14.07.0381-1;0486;14.07.0381-1;CATEGORIA0;;1;1;0;1;;CASCO BOMBA DIREÇÃO;CASCO BOMBA DIREÇÃO;0;;
292;0486;14.07.0381-2;0486;14.07.0381-2;CATEGORIA0;;1;1;0;1;;CASCO BOMBA DIREÇÃO;CASCO BOMBA DIREÇÃO;0;;
292;0486;14.07.0382;0486;14.07.0382;CATEGORIA0;;1;1;0;1;;CASCO BOMBA DIREÇÃO;CASCO BOMBA DIREÇÃO;0;;
292;0486;14.07.0391-1;0486;14.07.0391-1;CATEGORIA0;;1;1;0;1;;CASCO BOMBA DIREÇÃO;CASCO BOMBA DIREÇÃO;0;;
292;0486;14.07.0392;0486;14.07.0392;CATEGORIA0;;1;1;0;1;;CASCO BOMBA DIREÇÃO;CASCO BOMBA DIREÇÃO;0;;
292;0486;14.07.0405;0486;14.07.0405;CATEGORIA0;;1;1;0;1;;CASCO BOMBA DIREÇÃO;CASCO BOMBA DIREÇÃO;0;;
292;0486;14.09.0100-1;0486;14.09.0100-1;CATEGORIA0;;1;1;0;1;;CASCO BOMBA DIREÇÃO;CASCO BOMBA DIREÇÃO;0;;
292;0486;14.09.0100-3;0486;14.09.0100-3;CATEGORIA0;;1;1;0;1;;CASCO BOMBA DIREÇÃO;CASCO BOMBA DIREÇÃO;0;;
292;0486;14.09.0100-4;0486;14.09.0100-4;CATEGORIA0;;1;1;0;1;;CASCO BOMBA DIREÇÃO;CASCO BOMBA DIREÇÃO;0;;
292;0486;14.09.0100-5;0486;14.09.0100-5;CATEGORIA0;;1;1;0;1;;CASCO BOMBA DIREÇÃO;CASCO BOMBA DIREÇÃO;0;;
292;0486;14.09.0120;0486;14.09.0120;CATEGORIA0;;1;1;0;1;;CASCO BOMBA DIREÇÃO;CASCO BOMBA DIREÇÃO;0;;
292;0486;14.09.0200-1;0486;14.09.0200-1;CATEGORIA0;;1;1;0;1;;CASCO BOMBA DIREÇÃO;CASCO BOMBA DIREÇÃO;0;;
292;0486;14.09.0200-2;0486;14.09.0200-2;CATEGORIA0;;1;1;0;1;;CASCO BOMBA DIREÇÃO;CASCO BOMBA DIREÇÃO;0;;
292;0486;14.09.0200-3;0486;14.09.0200-3;CATEGORIA0;;1;1;0;1;;CASCO BOMBA DIREÇÃO;CASCO BOMBA DIREÇÃO;0;;
292;0486;14.09.0201;0486;14.09.0201;CATEGORIA0;;1;1;0;1;;CASCO BOMBA DIREÇÃO;CASCO BOMBA DIREÇÃO;0;;
292;0486;14.09.0202;0486;14.09.0202;CATEGORIA0;;1;1;0;1;;CASCO BOMBA DIREÇÃO;CASCO BOMBA DIREÇÃO;0;;
292;0486;14.09.0203;0486;14.09.0203;CATEGORIA0;;1;1;0;1;;CASCO BOMBA DIREÇÃO;CASCO BOMBA DIREÇÃO;0;;
292;0486;14.09.0210-1;0486;14.09.0210-1;CATEGORIA0;;1;1;0;1;;CASCO BOMBA DIREÇÃO;CASCO BOMBA DIREÇÃO;0;;
292;0486;14.09.0300-1;0486;14.09.0300-1;CATEGORIA0;;1;1;0;1;;CASCO BOMBA DIREÇÃO;CASCO BOMBA DIREÇÃO;0;;
292;0486;14.09.0301;0486;14.09.0301;CATEGORIA0;;1;1;0;1;;CASCO BOMBA DIREÇÃO;CASCO BOMBA DIREÇÃO;0;;
292;0486;14.09.0302;0486;14.09.0302;CATEGORIA0;;1;1;0;1;;CASCO BOMBA DIREÇÃO;CASCO BOMBA DIREÇÃO;0;;
292;0486;14.09.0303;0486;14.09.0303;CATEGORIA0;;1;1;0;1;;CASCO BOMBA DIREÇÃO;CASCO BOMBA DIREÇÃO;0;;
292;0486;14.09.0304;0486;14.09.0304;CATEGORIA0;;1;1;0;1;;CASCO BOMBA DIREÇÃO;CASCO BOMBA DIREÇÃO;0;;
292;0486;14.09.0305-1;0486;14.09.0305-1;CATEGORIA0;;1;1;0;1;;CASCO BOMBA DIREÇÃO;CASCO BOMBA DIREÇÃO;0;;
292;0486;14.09.0306-1;0486;14.09.0306-1;CATEGORIA0;;1;1;0;1;;CASCO BOMBA DIREÇÃO;CASCO BOMBA DIREÇÃO;0;;
292;0486;14.09.0400-1;0486;14.09.0400-1;CATEGORIA0;;1;1;0;1;;CASCO BOMBA DIREÇÃO;CASCO BOMBA DIREÇÃO;0;;
292;0486;14.09.0600;0486;14.09.0600;CATEGORIA0;;1;1;0;1;;CASCO BOMBA DIREÇÃO;CASCO BOMBA DIREÇÃO;0;;
292;0486;14.11.0100;0486;14.11.0100;CATEGORIA0;;1;1;0;1;;CASCO BOMBA DIREÇÃO;CASCO BOMBA DIREÇÃO;0;;
292;0486;14.11.0101-1;0486;14.11.0101-1;CATEGORIA0;;1;1;0;1;;CASCO BOMBA DIREÇÃO;CASCO BOMBA DIREÇÃO;0;;
292;0486;14.11.0102;0486;14.11.0102;CATEGORIA0;;1;1;0;1;;CASCO BOMBA DIREÇÃO;CASCO BOMBA DIREÇÃO;0;;
292;0486;14.11.0104-1;0486;14.11.0104-1;CATEGORIA0;;1;1;0;1;;CASCO BOMBA DIREÇÃO;CASCO BOMBA DIREÇÃO;0;;
292;0486;14.11.0105;0486;14.11.0105;CATEGORIA0;;1;1;0;1;;CASCO BOMBA DIREÇÃO;CASCO BOMBA DIREÇÃO;0;;
292;0486;14.11.0107;0486;14.11.0107;CATEGORIA0;;1;1;0;1;;CASCO BOMBA DIREÇÃO;CASCO BOMBA DIREÇÃO;0;;
292;0486;14.11.0110;0486;14.11.0110;CATEGORIA0;;1;1;0;1;;CASCO BOMBA DIREÇÃO;CASCO BOMBA DIREÇÃO;0;;
292;0486;14.11.0150;0486;14.11.0150;CATEGORIA0;;1;1;0;1;;CASCO BOMBA DIREÇÃO;CASCO BOMBA DIREÇÃO;0;;
292;0486;14.11.0201-1;0486;14.11.0201-1;CATEGORIA0;;1;1;0;1;;CASCO BOMBA DIREÇÃO;CASCO BOMBA DIREÇÃO;0;;
292;0486;14.11.0201-3;0486;14.11.0201-3;CATEGORIA0;;1;1;0;1;;CASCO BOMBA DIREÇÃO;CASCO BOMBA DIREÇÃO;0;;
292;0486;14.11.0203;0486;14.11.0203;CATEGORIA0;;1;1;0;1;;CASCO BOMBA DIREÇÃO;CASCO BOMBA DIREÇÃO;0;;
292;0486;14.11.0205;0486;14.11.0205;CATEGORIA0;;1;1;0;1;;CASCO BOMBA DIREÇÃO;CASCO BOMBA DIREÇÃO;0;;
292;0486;14.11.0206;0486;14.11.0206;CATEGORIA0;;1;1;0;1;;CASCO BOMBA DIREÇÃO;CASCO BOMBA DIREÇÃO;0;;
292;0486;14.11.0207;0486;14.11.0207;CATEGORIA0;;1;1;0;1;;CASCO BOMBA DIREÇÃO;CASCO BOMBA DIREÇÃO;0;;
292;0486;14.11.0212;0486;14.11.0212;CATEGORIA0;;1;1;0;1;;CASCO BOMBA DIREÇÃO;CASCO BOMBA DIREÇÃO;0;;
292;0486;14.11.0215-1;0486;14.11.0215-1;CATEGORIA0;;1;1;0;1;;CASCO BOMBA DIREÇÃO;CASCO BOMBA DIREÇÃO;0;;
292;0486;14.11.0215-2;0486;14.11.0215-2;CATEGORIA0;;1;1;0;1;;CASCO BOMBA DIREÇÃO;CASCO BOMBA DIREÇÃO;0;;
292;0486;14.11.0219-1;0486;14.11.0219-1;CATEGORIA0;;1;1;0;1;;CASCO BOMBA DIREÇÃO;CASCO BOMBA DIREÇÃO;0;;
292;0486;14.11.0221;0486;14.11.0221;CATEGORIA0;;1;1;0;1;;CASCO BOMBA DIREÇÃO;CASCO BOMBA DIREÇÃO;0;;
292;0486;14.11.0224-1;0486;14.11.0224-1;CATEGORIA0;;1;1;0;1;;CASCO BOMBA DIREÇÃO;CASCO BOMBA DIREÇÃO;0;;
292;0486;14.11.0227;0486;14.11.0227;CATEGORIA0;;1;1;0;1;;CASCO BOMBA DIREÇÃO;CASCO BOMBA DIREÇÃO;0;;
292;0486;14.11.0228;0486;14.11.0228;CATEGORIA0;;1;1;0;1;;CASCO BOMBA DIREÇÃO;CASCO BOMBA DIREÇÃO;0;;
292;0486;14.11.0230-3;0486;14.11.0230-3;CATEGORIA0;;1;1;0;1;;CASCO BOMBA DIREÇÃO;CASCO BOMBA DIREÇÃO;0;;
292;0486;14.11.0234;0486;14.11.0234;CATEGORIA0;;1;1;0;1;;CASCO BOMBA DIREÇÃO;CASCO BOMBA DIREÇÃO;0;;
292;0486;14.11.0235;0486;14.11.0235;CATEGORIA0;;1;1;0;1;;CASCO BOMBA DIREÇÃO;CASCO BOMBA DIREÇÃO;0;;
292;0486;14.11.0237;0486;14.11.0237;CATEGORIA0;;1;1;0;1;;CASCO BOMBA DIREÇÃO;CASCO BOMBA DIREÇÃO;0;;
292;0486;14.11.0238;0486;14.11.0238;CATEGORIA0;;1;1;0;1;;CASCO BOMBA DIREÇÃO;CASCO BOMBA DIREÇÃO;0;;
292;0486;14.11.0239;0486;14.11.0239;CATEGORIA0;;1;1;0;1;;CASCO BOMBA DIREÇÃO;CASCO BOMBA DIREÇÃO;0;;
292;0486;14.11.0241;0486;14.11.0241;CATEGORIA0;;1;1;0;1;;CASCO BOMBA DIREÇÃO;CASCO BOMBA DIREÇÃO;0;;
292;0486;14.11.0242;0486;14.11.0242;CATEGORIA0;;1;1;0;1;;CASCO BOMBA DIREÇÃO;CASCO BOMBA DIREÇÃO;0;;
292;0486;14.11.0245-5;0486;14.11.0245-5;CATEGORIA0;;1;1;0;1;;CASCO BOMBA DIREÇÃO;CASCO BOMBA DIREÇÃO;0;;
292;0486;14.11.0247;0486;14.11.0247;CATEGORIA0;;1;1;0;1;;CASCO BOMBA DIREÇÃO;CASCO BOMBA DIREÇÃO;0;;
292;0486;14.11.0248-5;0486;14.11.0248-5;CATEGORIA0;;1;1;0;1;;CASCO BOMBA DIREÇÃO;CASCO BOMBA DIREÇÃO;0;;
292;0486;14.11.0254;0486;14.11.0254;CATEGORIA0;;1;1;0;1;;CASCO BOMBA DIREÇÃO;CASCO BOMBA DIREÇÃO;0;;
292;0486;14.11.0255;0486;14.11.0255;CATEGORIA0;;1;1;0;1;;CASCO BOMBA DIREÇÃO;CASCO BOMBA DIREÇÃO;0;;
292;0486;14.11.0256-1;0486;14.11.0256-1;CATEGORIA0;;1;1;0;1;;CASCO BOMBA DIREÇÃO;CASCO BOMBA DIREÇÃO;0;;
292;0486;14.11.0257;0486;14.11.0257;CATEGORIA0;;1;1;0;1;;CASCO BOMBA DIREÇÃO;CASCO BOMBA DIREÇÃO;0;;
292;0486;14.11.0260;0486;14.11.0260;CATEGORIA0;;1;1;0;1;;CASCO BOMBA DIREÇÃO;CASCO BOMBA DIREÇÃO;0;;
292;0486;14.11.0261;0486;14.11.0261;CATEGORIA0;;1;1;0;1;;CASCO BOMBA DIREÇÃO;CASCO BOMBA DIREÇÃO;0;;
292;0486;14.11.0263-1;0486;14.11.0263-1;CATEGORIA0;;1;1;0;1;;CASCO BOMBA DIREÇÃO;CASCO BOMBA DIREÇÃO;0;;
292;0486;14.11.0264;0486;14.11.0264;CATEGORIA0;;1;1;0;1;;CASCO BOMBA DIREÇÃO;CASCO BOMBA DIREÇÃO;0;;
292;0486;14.11.0268;0486;14.11.0268;CATEGORIA0;;1;1;0;1;;CASCO BOMBA DIREÇÃO;CASCO BOMBA DIREÇÃO;0;;
292;0486;14.11.0270-4;0486;14.11.0270-4;CATEGORIA0;;1;1;0;1;;CASCO BOMBA DIREÇÃO;CASCO BOMBA DIREÇÃO;0;;
292;0486;14.11.0271;0486;14.11.0271;CATEGORIA0;;1;1;0;1;;CASCO BOMBA DIREÇÃO;CASCO BOMBA DIREÇÃO;0;;
292;0486;14.11.0272-1;0486;14.11.0272-1;CATEGORIA0;;1;1;0;1;;CASCO BOMBA DIREÇÃO;CASCO BOMBA DIREÇÃO;0;;
292;0486;14.11.0274;0486;14.11.0274;CATEGORIA0;;1;1;0;1;;CASCO BOMBA DIREÇÃO;CASCO BOMBA DIREÇÃO;0;;
292;0486;14.11.0279;0486;14.11.0279;CATEGORIA0;;1;1;0;1;;CASCO BOMBA DIREÇÃO;CASCO BOMBA DIREÇÃO;0;;
292;0486;14.11.0280;0486;14.11.0280;CATEGORIA0;;1;1;0;1;;CASCO BOMBA DIREÇÃO;CASCO BOMBA DIREÇÃO;0;;
292;0486;14.11.0281;0486;14.11.0281;CATEGORIA0;;1;1;0;1;;CASCO BOMBA DIREÇÃO;CASCO BOMBA DIREÇÃO;0;;
292;0486;14.11.0282;0486;14.11.0282;CATEGORIA0;;1;1;0;1;;CASCO BOMBA DIREÇÃO;CASCO BOMBA DIREÇÃO;0;;
292;0486;14.11.0284;0486;14.11.0284;CATEGORIA0;;1;1;0;1;;CASCO BOMBA DIREÇÃO;CASCO BOMBA DIREÇÃO;0;;
292;0486;14.11.0286-1;0486;14.11.0286-1;CATEGORIA0;;1;1;0;1;;CASCO BOMBA DIREÇÃO;CASCO BOMBA DIREÇÃO;0;;
292;0486;14.11.0287;0486;14.11.0287;CATEGORIA0;;1;1;0;1;;CASCO BOMBA DIREÇÃO;CASCO BOMBA DIREÇÃO;0;;
292;0486;14.11.0288;0486;14.11.0288;CATEGORIA0;;1;1;0;1;;CASCO BOMBA DIREÇÃO;CASCO BOMBA DIREÇÃO;0;;
292;0486;14.11.0294;0486;14.11.0294;CATEGORIA0;;1;1;0;1;;CASCO BOMBA DIREÇÃO;CASCO BOMBA DIREÇÃO;0;;
292;0486;14.11.0300;0486;14.11.0300;CATEGORIA0;;1;1;0;1;;CASCO BOMBA DIREÇÃO;CASCO BOMBA DIREÇÃO;0;;
292;0486;14.11.0305;0486;14.11.0305;CATEGORIA0;;1;1;0;1;;CASCO BOMBA DIREÇÃO;CASCO BOMBA DIREÇÃO;0;;
292;0486;14.11.0306;0486;14.11.0306;CATEGORIA0;;1;1;0;1;;CASCO BOMBA DIREÇÃO;CASCO BOMBA DIREÇÃO;0;;
292;0486;14.11.0308;0486;14.11.0308;CATEGORIA0;;1;1;0;1;;CASCO BOMBA DIREÇÃO;CASCO BOMBA DIREÇÃO;0;;
292;0486;14.11.0400;0486;14.11.0400;CATEGORIA0;;1;1;0;1;;CASCO BOMBA DIREÇÃO;CASCO BOMBA DIREÇÃO;0;;
292;0486;14.11.0500;0486;14.11.0500;CATEGORIA0;;1;1;0;1;;CASCO BOMBA DIREÇÃO;CASCO BOMBA DIREÇÃO;0;;
292;0486;14.13.0005;0486;14.13.0005;CATEGORIA0;;1;1;0;1;;CASCO BOMBA DIREÇÃO;CASCO BOMBA DIREÇÃO;0;;
292;0486;14.13.0010;0486;14.13.0010;CATEGORIA0;;1;1;0;1;;CASCO BOMBA DIREÇÃO;CASCO BOMBA DIREÇÃO;0;;
292;0486;14.13.0011;0486;14.13.0011;CATEGORIA0;;1;1;0;1;;CASCO BOMBA DIREÇÃO;CASCO BOMBA DIREÇÃO;0;;
292;0486;14.13.0013-1;0486;14.13.0013-1;CATEGORIA0;;1;1;0;1;;CASCO BOMBA DIREÇÃO;CASCO BOMBA DIREÇÃO;0;;
292;0486;14.13.0015;0486;14.13.0015;CATEGORIA0;;1;1;0;1;;CASCO BOMBA DIREÇÃO;CASCO BOMBA DIREÇÃO;0;;
292;0486;14.13.0016;0486;14.13.0016;CATEGORIA0;;1;1;0;1;;CASCO BOMBA DIREÇÃO;CASCO BOMBA DIREÇÃO;0;;
292;0486;14.13.0020;0486;14.13.0020;CATEGORIA0;;1;1;0;1;;CASCO BOMBA DIREÇÃO;CASCO BOMBA DIREÇÃO;0;;
292;0486;14.13.0025;0486;14.13.0025;CATEGORIA0;;1;1;0;1;;CASCO BOMBA DIREÇÃO;CASCO BOMBA DIREÇÃO;0;;
292;0486;14.13.0027;0486;14.13.0027;CATEGORIA0;;1;1;0;1;;CASCO BOMBA DIREÇÃO;CASCO BOMBA DIREÇÃO;0;;
292;0486;14.13.0030;0486;14.13.0030;CATEGORIA0;;1;1;0;1;;CASCO BOMBA DIREÇÃO;CASCO BOMBA DIREÇÃO;0;;
292;0486;14.13.0038;0486;14.13.0038;CATEGORIA0;;1;1;0;1;;CASCO BOMBA DIREÇÃO;CASCO BOMBA DIREÇÃO;0;;
292;0486;14.13.0039-1;0486;14.13.0039-1;CATEGORIA0;;1;1;0;1;;CASCO BOMBA DIREÇÃO;CASCO BOMBA DIREÇÃO;0;;
292;0486;14.13.0040-1;0486;14.13.0040-1;CATEGORIA0;;1;1;0;1;;CASCO BOMBA DIREÇÃO;CASCO BOMBA DIREÇÃO;0;;
292;0486;14.13.0040-2;0486;14.13.0040-2;CATEGORIA0;;1;1;0;1;;CASCO BOMBA DIREÇÃO;CASCO BOMBA DIREÇÃO;0;;
292;0486;14.13.0040-3;0486;14.13.0040-3;CATEGORIA0;;1;1;0;1;;CASCO BOMBA DIREÇÃO;CASCO BOMBA DIREÇÃO;0;;
292;0486;14.13.0040-4;0486;14.13.0040-4;CATEGORIA0;;1;1;0;1;;CASCO BOMBA DIREÇÃO;CASCO BOMBA DIREÇÃO;0;;
292;0486;14.13.0040-5;0486;14.13.0040-5;CATEGORIA0;;1;1;0;1;;CASCO BOMBA DIREÇÃO;CASCO BOMBA DIREÇÃO;0;;
292;0486;14.13.0041-1;0486;14.13.0041-1;CATEGORIA0;;1;1;0;1;;CASCO BOMBA DIREÇÃO;CASCO BOMBA DIREÇÃO;0;;
292;0486;14.13.0042-1;0486;14.13.0042-1;CATEGORIA0;;1;1;0;1;;CASCO BOMBA DIREÇÃO;CASCO BOMBA DIREÇÃO;0;;
292;0486;14.13.0042-2;0486;14.13.0042-2;CATEGORIA0;;1;1;0;1;;CASCO BOMBA DIREÇÃO;CASCO BOMBA DIREÇÃO;0;;
292;0486;14.13.0042-5;0486;14.13.0042-5;CATEGORIA0;;1;1;0;1;;CASCO BOMBA DIREÇÃO;CASCO BOMBA DIREÇÃO;0;;
292;0486;14.13.0042-6;0486;14.13.0042-6;CATEGORIA0;;1;1;0;1;;CASCO BOMBA DIREÇÃO;CASCO BOMBA DIREÇÃO;0;;
292;0486;14.13.0042-7;0486;14.13.0042-7;CATEGORIA0;;1;1;0;1;;CASCO BOMBA DIREÇÃO;CASCO BOMBA DIREÇÃO;0;;
292;0486;14.13.0042-8;0486;14.13.0042-8;CATEGORIA0;;1;1;0;1;;CASCO BOMBA DIREÇÃO;CASCO BOMBA DIREÇÃO;0;;
292;0486;14.13.0042-9;0486;14.13.0042-9;CATEGORIA0;;1;1;0;1;;CASCO BOMBA DIREÇÃO;CASCO BOMBA DIREÇÃO;0;;
292;0486;14.13.0043-1;0486;14.13.0043-1;CATEGORIA0;;1;1;0;1;;CASCO BOMBA DIREÇÃO;CASCO BOMBA DIREÇÃO;0;;
292;0486;14.13.0044;0486;14.13.0044;CATEGORIA0;;1;1;0;1;;CASCO BOMBA DIREÇÃO;CASCO BOMBA DIREÇÃO;0;;
292;0486;14.13.0045;0486;14.13.0045;CATEGORIA0;;1;1;0;1;;CASCO BOMBA DIREÇÃO;CASCO BOMBA DIREÇÃO;0;;
292;0486;14.13.0046-1;0486;14.13.0046-1;CATEGORIA0;;1;1;0;1;;CASCO BOMBA DIREÇÃO;CASCO BOMBA DIREÇÃO;0;;
292;0486;14.13.0047-1;0486;14.13.0047-1;CATEGORIA0;;1;1;0;1;;CASCO BOMBA DIREÇÃO;CASCO BOMBA DIREÇÃO;0;;
292;0486;14.13.0050;0486;14.13.0050;CATEGORIA0;;1;1;0;1;;CASCO BOMBA DIREÇÃO;CASCO BOMBA DIREÇÃO;0;;
292;0486;14.13.0060;0486;14.13.0060;CATEGORIA0;;1;1;0;1;;CASCO BOMBA DIREÇÃO;CASCO BOMBA DIREÇÃO;0;;
292;0486;14.13.0065;0486;14.13.0065;CATEGORIA0;;1;1;0;1;;CASCO BOMBA DIREÇÃO;CASCO BOMBA DIREÇÃO;0;;
292;0486;14.13.0067-1;0486;14.13.0067-1;CATEGORIA0;;1;1;0;1;;CASCO BOMBA DIREÇÃO;CASCO BOMBA DIREÇÃO;0;;
292;0486;14.13.0069;0486;14.13.0069;CATEGORIA0;;1;1;0;1;;CASCO BOMBA DIREÇÃO;CASCO BOMBA DIREÇÃO;0;;
292;0486;14.13.0070;0486;14.13.0070;CATEGORIA0;;1;1;0;1;;CASCO BOMBA DIREÇÃO;CASCO BOMBA DIREÇÃO;0;;
292;0486;14.13.0071;0486;14.13.0071;CATEGORIA0;;1;1;0;1;;CASCO BOMBA DIREÇÃO;CASCO BOMBA DIREÇÃO;0;;
292;0486;14.13.0072;0486;14.13.0072;CATEGORIA0;;1;1;0;1;;CASCO BOMBA DIREÇÃO;CASCO BOMBA DIREÇÃO;0;;
292;0486;14.13.0073;0486;14.13.0073;CATEGORIA0;;1;1;0;1;;CASCO BOMBA DIREÇÃO;CASCO BOMBA DIREÇÃO;0;;
292;0486;14.13.0074;0486;14.13.0074;CATEGORIA0;;1;1;0;1;;CASCO BOMBA DIREÇÃO;CASCO BOMBA DIREÇÃO;0;;
292;0486;14.13.0075;0486;14.13.0075;CATEGORIA0;;1;1;0;1;;CASCO BOMBA DIREÇÃO;CASCO BOMBA DIREÇÃO;0;;
292;0486;14.13.0076;0486;14.13.0076;CATEGORIA0;;1;1;0;1;;CASCO BOMBA DIREÇÃO;CASCO BOMBA DIREÇÃO;0;;
292;0486;14.13.0077;0486;14.13.0077;CATEGORIA0;;1;1;0;1;;CASCO BOMBA DIREÇÃO;CASCO BOMBA DIREÇÃO;0;;
292;0486;14.13.0078-1;0486;14.13.0078-1;CATEGORIA0;;1;1;0;1;;CASCO BOMBA DIREÇÃO;CASCO BOMBA DIREÇÃO;0;;
292;0486;14.13.0079;0486;14.13.0079;CATEGORIA0;;1;1;0;1;;CASCO BOMBA DIREÇÃO;CASCO BOMBA DIREÇÃO;0;;
292;0486;14.13.0080;0486;14.13.0080;CATEGORIA0;;1;1;0;1;;CASCO BOMBA DIREÇÃO;CASCO BOMBA DIREÇÃO;0;;
292;0486;14.13.0081-1;0486;14.13.0081-1;CATEGORIA0;;1;1;0;1;;CASCO BOMBA DIREÇÃO;CASCO BOMBA DIREÇÃO;0;;
292;0486;14.13.0081-2;0486;14.13.0081-2;CATEGORIA0;;1;1;0;1;;CASCO BOMBA DIREÇÃO;CASCO BOMBA DIREÇÃO;0;;
292;0486;14.13.0082;0486;14.13.0082;CATEGORIA0;;1;1;0;1;;CASCO BOMBA DIREÇÃO;CASCO BOMBA DIREÇÃO;0;;
292;0486;14.13.0083-1;0486;14.13.0083-1;CATEGORIA0;;1;1;0;1;;CASCO BOMBA DIREÇÃO;CASCO BOMBA DIREÇÃO;0;;
292;0486;14.13.0084;0486;14.13.0084;CATEGORIA0;;1;1;0;1;;CASCO BOMBA DIREÇÃO;CASCO BOMBA DIREÇÃO;0;;
292;0486;14.13.0085;0486;14.13.0085;CATEGORIA0;;1;1;0;1;;CASCO BOMBA DIREÇÃO;CASCO BOMBA DIREÇÃO;0;;
292;0486;14.13.0086;0486;14.13.0086;CATEGORIA0;;1;1;0;1;;CASCO BOMBA DIREÇÃO;CASCO BOMBA DIREÇÃO;0;;
292;0486;14.13.0087;0486;14.13.0087;CATEGORIA0;;1;1;0;1;;CASCO BOMBA DIREÇÃO;CASCO BOMBA DIREÇÃO;0;;
292;0486;14.13.0088-1;0486;14.13.0088-1;CATEGORIA0;;1;1;0;1;;CASCO BOMBA DIREÇÃO;CASCO BOMBA DIREÇÃO;0;;
292;0486;14.13.0089;0486;14.13.0089;CATEGORIA0;;1;1;0;1;;CASCO BOMBA DIREÇÃO;CASCO BOMBA DIREÇÃO;0;;
292;0486;14.13.0090;0486;14.13.0090;CATEGORIA0;;1;1;0;1;;CASCO BOMBA DIREÇÃO;CASCO BOMBA DIREÇÃO;0;;
292;0486;14.13.0092;0486;14.13.0092;CATEGORIA0;;1;1;0;1;;CASCO BOMBA DIREÇÃO;CASCO BOMBA DIREÇÃO;0;;
292;0486;14.13.0093-1;0486;14.13.0093-1;CATEGORIA0;;1;1;0;1;;CASCO BOMBA DIREÇÃO;CASCO BOMBA DIREÇÃO;0;;
292;0486;14.13.0094;0486;14.13.0094;CATEGORIA0;;1;1;0;1;;CASCO BOMBA DIREÇÃO;CASCO BOMBA DIREÇÃO;0;;
292;0486;14.13.0095;0486;14.13.0095;CATEGORIA0;;1;1;0;1;;CASCO BOMBA DIREÇÃO;CASCO BOMBA DIREÇÃO;0;;
292;0486;14.13.0096;0486;14.13.0096;CATEGORIA0;;1;1;0;1;;CASCO BOMBA DIREÇÃO;CASCO BOMBA DIREÇÃO;0;;
292;0486;14.13.0097;0486;14.13.0097;CATEGORIA0;;1;1;0;1;;CASCO BOMBA DIREÇÃO;CASCO BOMBA DIREÇÃO;0;;
292;0486;14.13.0098-1;0486;14.13.0098-1;CATEGORIA0;;1;1;0;1;;CASCO BOMBA DIREÇÃO;CASCO BOMBA DIREÇÃO;0;;
292;0486;14.13.0099-1;0486;14.13.0099-1;CATEGORIA0;;1;1;0;1;;CASCO BOMBA DIREÇÃO;CASCO BOMBA DIREÇÃO;0;;
292;0486;14.13.0100;0486;14.13.0100;CATEGORIA0;;1;1;0;1;;CASCO BOMBA DIREÇÃO;CASCO BOMBA DIREÇÃO;0;;
292;0486;14.13.0101;0486;14.13.0101;CATEGORIA0;;1;1;0;1;;CASCO BOMBA DIREÇÃO;CASCO BOMBA DIREÇÃO;0;;
292;0486;14.13.0102;0486;14.13.0102;CATEGORIA0;;1;1;0;1;;CASCO BOMBA DIREÇÃO;CASCO BOMBA DIREÇÃO;0;;
292;0486;14.13.0103;0486;14.13.0103;CATEGORIA0;;1;1;0;1;;CASCO BOMBA DIREÇÃO;CASCO BOMBA DIREÇÃO;0;;
292;0486;14.13.0104;0486;14.13.0104;CATEGORIA0;;1;1;0;1;;CASCO BOMBA DIREÇÃO;CASCO BOMBA DIREÇÃO;0;;
292;0486;14.13.0105-1;0486;14.13.0105-1;CATEGORIA0;;1;1;0;1;;CASCO BOMBA DIREÇÃO;CASCO BOMBA DIREÇÃO;0;;
292;0486;14.13.0106-1;0486;14.13.0106-1;CATEGORIA0;;1;1;0;1;;CASCO BOMBA DIREÇÃO;CASCO BOMBA DIREÇÃO;0;;
292;0486;14.13.0120-1;0486;14.13.0120-1;CATEGORIA0;;1;1;0;1;;CASCO BOMBA DIREÇÃO;CASCO BOMBA DIREÇÃO;0;;
292;0486;14.13.0125-1;0486;14.13.0125-1;CATEGORIA0;;1;1;0;1;;CASCO BOMBA DIREÇÃO;CASCO BOMBA DIREÇÃO;0;;
292;0486;14.13.0200-1;0486;14.13.0200-1;CATEGORIA0;;1;1;0;1;;CASCO BOMBA DIREÇÃO;CASCO BOMBA DIREÇÃO;0;;
292;0486;14.13.0205-1;0486;14.13.0205-1;CATEGORIA0;;1;1;0;1;;CASCO BOMBA DIREÇÃO;CASCO BOMBA DIREÇÃO;0;;
292;0486;14.13.0206-1;0486;14.13.0206-1;CATEGORIA0;;1;1;0;1;;CASCO BOMBA DIREÇÃO;CASCO BOMBA DIREÇÃO;0;;
292;0486;14.13.0207-1;0486;14.13.0207-1;CATEGORIA0;;1;1;0;1;;CASCO BOMBA DIREÇÃO;CASCO BOMBA DIREÇÃO;0;;
292;0486;14.13.0290;0486;14.13.0290;CATEGORIA0;;1;1;0;1;;CASCO BOMBA DIREÇÃO;CASCO BOMBA DIREÇÃO;0;;
292;0486;14.13.0295-1;0486;14.13.0295-1;CATEGORIA0;;1;1;0;1;;CASCO BOMBA DIREÇÃO;CASCO BOMBA DIREÇÃO;0;;
292;0486;14.13.0305;0486;14.13.0305;CATEGORIA0;;1;1;0;1;;CASCO BOMBA DIREÇÃO;CASCO BOMBA DIREÇÃO;0;;
292;0486;14.13.0310;0486;14.13.0310;CATEGORIA0;;1;1;0;1;;CASCO BOMBA DIREÇÃO;CASCO BOMBA DIREÇÃO;0;;
292;0486;14.15.0010;0486;14.15.0010;CATEGORIA0;;1;1;0;1;;CASCO BOMBA DIREÇÃO;CASCO BOMBA DIREÇÃO;0;;
292;0486;14.15.0015;0486;14.15.0015;CATEGORIA0;;1;1;0;1;;CASCO BOMBA DIREÇÃO;CASCO BOMBA DIREÇÃO;0;;